3.1297e+06,1.6617e+11,1.2969e+11,-1.209e+09,2.1829e+10,1.5862e+10,4.5199e+09,7.3873e+09,1.951e+08,1.9589e+09,1.7971e+09,0,0,0,3.9936e+06,0,3.9936e+06
3.2854e+07,9.938e+11,7.4049e+10,3.7274e+10,3.629e+11,5.1958e+11,2.9654e+10,3.3571e+10,6.1866e+09,8.2124e+08,1.2624e+10,1.7188e+11,2.643e+11,0,0,5.3978e+08,4.3672e+11
1.5941e+07,2.2005e+11,-2.2106e+10,-1.6154e+10,4.6184e+10,2.1213e+11,1.0076e+10,4.4407e+09,6.2525e+09,1.3901e+10,1.2712e+09,1.7618e+11,0,0,0,0,1.7618e+11
3.8747e+07,2.7608e+12,1.9521e+12,-8.1713e+09,4.1904e+11,3.9781e+11,1.9359e+11,6.8204e+10,1.0321e+10,7.6326e+09,1.2395e+10,5.3373e+10,4.6719e+10,0,0,5.58e+09,1.0567e+11
3.0163e+06,8.8047e+10,6.7431e+10,-1.4761e+09,1.2625e+10,9.4674e+09,4.7653e+09,3.1398e+09,2.7809e+07,5.9668e+07,1.1247e+09,0,0,0,0,3.5008e+08,3.5008e+08
2.0329e+07,1.0547e+13,7.8547e+12,-3.9083e+11,2.2702e+12,8.1272e+11,1.2478e+11,1.2575e+11,1.6341e+10,7.2989e+10,5.9605e+10,8.7607e+10,1.0895e+11,2.7925e+10,2.9001e+09,1.8588e+11,4.1326e+11
8.2333e+06,4.6984e+12,3.7612e+12,-6.6137e+10,9.2871e+11,7.4631e+10,1.49e+10,1.6506e+10,9.8886e+09,1.7385e+09,2.6938e+10,1.3535e+09,3.1284e+09,0,1.5918e+07,1.632e+08,4.661e+09
8.388e+06,1.2832e+11,1.6326e+09,-9.3487e+09,3.8038e+10,9.8002e+10,1.1284e+10,7.5857e+09,6.6397e+06,2.2404e+08,1.7819e+09,6.4221e+10,1.2899e+10,0,0,0,7.712e+10
7.2662e+05,1.4666e+11,4.306e+10,1.1301e+10,3.1509e+10,6.079e+10,1.42e+08,2.6261e+08,0,0,1.3257e+08,4.0043e+10,2.021e+10,0,0,0,6.0253e+10
1.4182e+08,1.0082e+12,6.8617e+11,-1.8562e+10,1.4283e+11,1.9774e+11,9.0835e+10,7.026e+10,3.9872e+09,3.3957e+09,2.3112e+09,0,2.6947e+10,0,0,0,2.6947e+10
9.7756e+06,4.6716e+11,3.1692e+11,-4.0558e+09,9.5917e+10,5.8377e+10,2.8247e+10,1.3686e+10,1.0338e+09,2.3795e+09,5.4733e+09,6.9008e+09,6.5605e+08,0,0,0,7.5568e+09
1.0479e+07,5.8928e+12,4.6893e+12,1.1626e+11,1.0355e+12,5.1688e+10,2.5989e+10,2.0475e+10,2.5955e+09,2.9884e+08,2.3244e+09,0,4.7632e+06,0,0,0,4.7632e+06
2.918e+05,1.8829e+10,1.048e+10,-1.2763e+09,2.7016e+09,6.9232e+09,3.9738e+09,7.4872e+07,5.915e+08,3.9566e+08,1.8874e+09,0,0,0,0,0,0
8.4389e+06,8.0375e+10,5.0989e+10,-1.6398e+09,8.8728e+09,2.2153e+10,1.4231e+10,9.8627e+08,1.7382e+09,4.5827e+08,4.7391e+09,0,0,0,0,0,0
6.3701e+05,1.0462e+10,-2.4255e+09,-5.8995e+07,4.0252e+09,8.9212e+09,7.1894e+08,5.1279e+08,5.3704e+09,7.8589e+08,1.5332e+09,0,0,0,0,0,0
9.182e+06,1.3836e+11,5.1584e+10,-7.8505e+09,1.8363e+10,7.6261e+10,2.3536e+10,6.3418e+09,8.7327e+09,1.3461e+10,4.068e+09,6.8326e+09,1.3078e+10,0,0,2.1092e+08,2.0121e+10
1.7649e+06,1.0395e+11,4.9324e+10,8.014e+09,3.7042e+10,9.5665e+09,6.2923e+08,2.2831e+09,7.3131e+08,2.6236e+09,1.5665e+09,0,0,2.7635e+08,0,1.4564e+09,1.7327e+09
1.864e+08,1.4752e+13,1.0172e+13,-3.2347e+11,2.1119e+12,2.792e+12,1.2731e+12,2.3479e+11,5.4558e+11,1.1162e+11,1.9432e+11,2.4789e+11,2.5509e+10,0,0,1.5927e+11,4.3266e+11
3.7382e+05,8.6829e+10,-5.4661e+10,4.5475e+10,2.7599e+10,6.8415e+10,6.7582e+07,8.4933e+07,3.7057e+08,1.2064e+08,3.1167e+09,2.967e+10,3.4985e+10,0,0,0,6.4655e+10
7.74e+06,4.9531e+11,3.8705e+11,-1.279e+10,7.8014e+10,4.3034e+10,1.4192e+10,1.5255e+10,1.0328e+09,9.867e+08,7.2612e+09,1.1119e+08,4.8855e+08,4.0115e+06,1.1814e+09,2.5219e+09,4.307e+09
1.3228e+07,1.1456e+11,8.6693e+10,-1.4767e+09,1.1629e+10,1.7715e+10,8.204e+09,3.9797e+09,1.1564e+09,1.584e+09,2.7912e+09,0,0,0,0,0,0
7.5475e+06,1.6539e+10,-3.9771e+09,-1.0921e+09,1.2499e+09,2.0359e+10,1.1632e+10,6.3675e+08,7.9522e+09,2.4531e+07,9.609e+07,0,0,0,0,1.7273e+07,1.7273e+07
1.6322e+07,2.8136e+11,1.6501e+11,-6.7325e+09,3.824e+10,8.4838e+10,2.8039e+10,8.8037e+09,9.4641e+09,4.667e+09,1.9015e+10,1.4819e+10,0,0,0,3.0292e+07,1.485e+10
3.2299e+07,1.7399e+13,1.3402e+13,-9.6151e+10,2.9008e+12,1.1926e+12,8.4072e+10,6.7915e+10,1.2855e+11,1.3895e+11,3.6474e+11,2.186e+11,1.5286e+11,2.485e+09,1.4176e+09,3.3012e+10,4.0838e+11
5.0681e+05,2.0991e+10,1.8353e+10,-7.6492e+08,2.9379e+09,4.6555e+08,2.2847e+08,2.0737e+08,0,2.0837e+07,8.8672e+06,0,0,0,0,0,0
4.0377e+06,2.7076e+10,2.2843e+09,-9.5261e+08,2.0791e+09,2.3666e+10,4.6491e+09,2.5906e+09,2.9219e+09,5.3988e+09,8.1049e+09,0,0,0,0,3.0872e+05,3.0872e+05
9.7489e+06,4.8683e+10,-4.4538e+09,-4.8174e+09,1.2748e+10,4.5206e+10,7.6485e+09,5.1433e+09,6.608e+09,2.6856e+09,1.3689e+09,2.1752e+10,0,0,0,0,2.1752e+10
1.6295e+07,1.6605e+12,1.0717e+12,-3.2698e+10,3.1398e+11,3.0749e+11,4.1615e+10,1.7702e+10,5.9125e+10,3.999e+09,2.9222e+10,7.3138e+08,3.6943e+09,3.2765e+07,0,1.5137e+11,1.5582e+11
1.3045e+09,2.5091e+13,1.1637e+13,3.7014e+11,7.849e+12,5.2352e+12,3.2622e+12,4.2433e+11,3.0109e+11,5.8052e+10,1.401e+11,3.5155e+11,9.2679e+10,4.93e+11,0,1.1224e+11,1.0495e+12
4.4946e+07,2.4538e+12,1.8296e+12,-3.835e+10,3.2032e+11,3.4222e+11,1.3221e+11,4.645e+10,3.7637e+10,1.4408e+10,4.4623e+10,4.2852e+10,1.3931e+10,5.1099e+09,0,4.9895e+09,6.6883e+10
6.0049e+05,8.7248e+09,7.0342e+09,-1.5076e+08,7.8129e+08,1.0601e+09,7.6752e+08,7.3509e+07,1.4518e+07,6.5576e+06,1.9798e+08,0,0,0,0,0,0
5.7549e+07,1.3201e+11,3.9004e+10,-1.053e+10,1.152e+10,9.2015e+10,2.8793e+10,8.2116e+08,2.5491e+10,3.1424e+10,1.0807e+09,3.5379e+09,0,2.0803e+07,0,8.4684e+08,4.4056e+09
3.9989e+06,2.4062e+10,-4.5064e+10,-8.1243e+09,1.8549e+10,5.8702e+10,3.1406e+09,8.5435e+07,2.8501e+09,5.3315e+09,4.1641e+07,4.7252e+10,0,0,0,3.4834e+05,4.7253e+10
4.3272e+06,3.4014e+11,2.597e+11,-6.7158e+09,4.6316e+10,4.0835e+10,2.9871e+10,5.9347e+09,1.0169e+07,5.774e+08,4.4407e+09,0,0,0,0,8.9501e+05,8.9501e+05
1.8154e+07,2.6257e+11,1.7425e+11,-1.0789e+10,2.6732e+10,7.2375e+10,4.8444e+10,1.6932e+09,1.0594e+10,2.5127e+09,7.1443e+08,4.365e+09,4.0519e+09,0,0,0,8.4169e+09
4.4434e+06,7.398e+11,6.272e+11,-2.4205e+10,1.1211e+11,2.4701e+10,7.0213e+09,5.0707e+09,1.5614e+09,5.2954e+08,1.9758e+09,3.2697e+09,5.2728e+09,0,0,0,8.5424e+09
1.0234e+07,1.8505e+12,1.3848e+12,-3.4194e+10,4.5289e+11,4.7029e+10,1.5785e+10,8.7169e+09,5.2526e+09,4.4265e+09,9.4521e+09,6.0511e+08,2.9454e+08,5.9245e+08,1.9033e+09,0,3.3953e+09
5.416e+06,4.0238e+12,3.2021e+12,6.9738e+09,7.0856e+11,1.0624e+11,1.5206e+10,2.7106e+10,1.1766e+09,3.1815e+09,1.334e+10,3.2314e+10,1.3915e+10,0,0,0,4.6229e+10
72000,5.478e+09,4.0024e+09,-3.1043e+08,1.0378e+09,7.4829e+08,3.2627e+08,3.6747e+07,0,1.0452e+07,3.7482e+08,0,0,0,0,0,0
9.4696e+06,6.3782e+11,5.287e+11,-1.2009e+10,7.6149e+10,4.498e+10,1.8915e+10,9.9933e+09,2.053e+09,3.2936e+08,9.7321e+09,0,0,0,0,3.9567e+09,3.9567e+09
1.3228e+07,5.7721e+11,2.0401e+11,-2.438e+10,1.0055e+11,2.9703e+11,4.6361e+10,3.072e+10,3.8551e+09,2.2517e+09,1.2862e+11,8.5057e+10,0,0,0,1.5576e+08,8.5213e+10
7.4033e+07,1.579e+12,1.0261e+12,-4.6435e+09,2.1177e+11,3.4573e+11,1.633e+11,3.421e+10,9.5469e+08,2.0523e+07,0,6.7008e+10,7.9318e+10,0,0,9.2728e+08,1.4725e+11
6.881e+06,3.6432e+11,3.0938e+11,-7.9555e+09,3.5786e+10,2.7119e+10,1.225e+10,1.441e+10,2.741e+08,6.1828e+07,1.235e+08,0,0,0,0,0,0
7.1256e+07,2.4506e+11,1.4886e+11,-6.8934e+09,2.3092e+10,8.0004e+10,3.72e+10,1.9994e+10,6.0063e+08,3.4168e+09,1.8614e+10,0,0,0,0,1.7696e+08,1.7696e+08
8.4771e+05,3.6454e+10,2.065e+10,-1.4123e+09,7.3691e+09,9.8468e+09,7.0375e+09,1.0028e+09,9.5907e+08,2.3936e+08,2.825e+08,0,0,0,0,3.2556e+08,3.2556e+08
5.2461e+06,2.9916e+12,2.4138e+12,-2.9596e+10,5.066e+11,1.0083e+11,6.6209e+09,1.4832e+10,4.6938e+10,1.2552e+10,1.9195e+10,0,0,0,0,6.9323e+08,6.9323e+08
6.0873e+07,3.5699e+13,2.932e+13,1.5592e+11,5.6989e+12,5.2407e+11,1.8232e+11,1.5352e+11,1.5271e+10,7.5969e+09,1.6105e+11,1.7745e+09,2.4282e+09,3.5208e+07,2.7752e+06,7.4462e+07,4.3152e+09
1.3838e+06,8.096e+10,-9.6744e+09,1.6923e+07,3.2407e+10,5.8211e+10,2.0804e+09,6.8658e+07,2.8866e+09,5.212e+09,6.8414e+07,4.7892e+10,0,0,0,2.3099e+06,4.7895e+10
1.5171e+06,8.846e+09,6.6695e+09,-8.399e+08,1.1501e+09,1.8663e+09,8.1271e+08,1.2457e+08,7.9685e+08,1.1684e+08,1.5334e+07,0,0,0,0,0,0
4.4744e+06,1.1905e+11,8.5354e+10,-4.1604e+09,2.2944e+10,1.4916e+10,5.6697e+09,6.9231e+09,1.9027e+08,6.6063e+08,1.0849e+09,3.3553e+08,4.9471e+07,2.3135e+06,0,0,3.8731e+08
8.2469e+07,4.5127e+13,3.6038e+13,5.1291e+11,8.1055e+12,4.7139e+11,1.1472e+11,1.2803e+11,1.6931e+10,8.0255e+09,1.5959e+11,5.0324e+09,3.004e+10,1.052e+09,7.9153e+09,4.2513e+07,4.4082e+10
2.2113e+07,2.0953e+11,1.291e+11,-5.6815e+09,2.7346e+10,5.8768e+10,4.5268e+10,9.0623e+08,1.0976e+10,1.1178e+09,4.0017e+08,0,0,0,0,9.9784e+07,9.9784e+07
1.1104e+07,4.3618e+12,3.6266e+12,-1.7767e+11,8.2433e+11,8.8607e+10,4.796e+10,2.7036e+10,2.2789e+09,1.7483e+09,5.0911e+09,1.9332e+08,6.2955e+07,0,3.1507e+09,1.0857e+09,4.4926e+09
1.065e+05,8.3102e+09,6.2525e+09,-6.5362e+08,2.4894e+09,2.2188e+08,2.0395e+08,9.9823e+06,0,9.5743e+05,6.9876e+06,0,0,0,0,0,0
1.2599e+07,5.4785e+11,2.7455e+11,-4.6572e+09,6.7655e+10,2.103e+11,5.3548e+10,4.2315e+09,1.4168e+11,8.4391e+08,5.8315e+09,4.1624e+09,0,0,0,0,4.1624e+09
9.0027e+06,5.6453e+10,3.5211e+10,-3.2155e+09,6.9986e+09,1.7459e+10,1.1585e+10,1.6346e+09,4.1903e+08,1.5409e+09,2.431e+08,0,0,0,0,2.0356e+09,2.0356e+09
1.5863e+06,5.9331e+09,2.6307e+09,-9.5171e+08,9.5791e+08,3.2962e+09,1.8464e+09,3.5884e+08,4.8196e+08,4.7483e+08,1.3423e+08,0,0,0,0,0,0
7.5122e+05,1.4431e+10,-3.5833e+09,-1.5086e+09,3.0848e+09,1.6438e+10,7.5119e+09,3.0513e+08,4.3979e+09,3.6153e+09,1.2056e+08,0,0,0,0,4.8753e+08,4.8753e+08
8.5278e+06,8.9642e+10,6.5297e+10,-1.4043e+09,1.5019e+10,1.073e+10,7.8603e+09,2.082e+09,7.331e+08,2.3655e+07,3.1442e+07,0,0,0,0,0,0
7.2047e+06,1.8291e+11,7.0786e+10,-4.2493e+09,2.9826e+10,8.6542e+10,2.1509e+10,1.6355e+10,3.3242e+10,9.3212e+08,1.4155e+10,0,0,0,0,3.4859e+08,3.4859e+08
1.0087e+07,1.7451e+12,1.4253e+12,-9.5072e+10,3.5468e+11,6.0264e+10,3.291e+10,9.5086e+09,1.7782e+09,5.0375e+08,7.4665e+09,2.2525e+09,4.9942e+09,0,5.2362e+08,3.2679e+08,8.0972e+09
2.9675e+05,2.6795e+11,2.3714e+11,-1.3649e+10,4.0794e+10,3.6686e+09,2.4149e+07,1.1267e+09,0,3.0538e+07,2.4873e+09,0,0,0,0,0,0
1.0946e+09,1.1536e+13,6.5251e+12,-1.1667e+11,2.1678e+12,2.9597e+12,1.5229e+12,6.5935e+11,2.134e+11,1.9068e+10,1.5906e+11,1.069e+11,6.51e+10,1.5647e+11,3.5954e+09,5.3877e+10,3.8594e+11
2.2056e+08,4.3603e+12,2.5139e+12,-1.1533e+11,8.7524e+11,1.0864e+12,3.5222e+11,2.1813e+10,2.7887e+11,1.793e+10,9.0634e+10,9.2535e+10,1.5508e+11,2.1368e+10,0,5.5991e+10,3.2497e+11
6.8251e+07,2.2821e+12,2.7706e+11,6.3355e+10,7.1775e+11,1.224e+12,1.755e+11,7.1116e+10,1.8585e+09,2.6509e+09,1.8222e+10,7.3232e+11,2.1473e+11,5.6537e+08,0,6.9991e+09,9.5462e+11
4.1591e+06,2.4918e+12,2.0212e+12,-4.3373e+10,4.6737e+11,4.6538e+10,4.669e+09,3.7485e+10,1.5824e+09,3.3071e+08,1.2646e+09,0,1.2059e+09,0,0,0,1.2059e+09
6.9236e+06,2.2673e+12,1.9309e+12,-2.4197e+10,3.2701e+11,3.3528e+10,1.1569e+10,1.1098e+10,2.3477e+07,7.968e+07,9.0037e+09,9.5945e+06,1.7453e+09,0,0,0,1.7549e+09
5.8607e+07,2.9203e+13,2.3762e+13,-2.6567e+11,5.2664e+12,4.3968e+11,1.7653e+11,8.2208e+10,1.8951e+10,4.7225e+09,1.2648e+11,8.0985e+09,2.2689e+10,0,0,0,3.0787e+10
2.6545e+06,2.1173e+11,1.6665e+11,-7.5399e+09,3.8359e+10,1.426e+10,8.2552e+09,7.1022e+08,1.4846e+09,8.0431e+07,1.1311e+09,0,0,0,0,2.598e+09,2.598e+09
1.2777e+08,7.0116e+13,5.0965e+13,1.5231e+12,1.736e+13,2.6762e+11,8.327e+10,1.3308e+11,1.7275e+10,1.1693e+10,1.6305e+10,5.6878e+08,5.1487e+09,3.862e+07,0,2.4245e+08,5.9985e+09
5.4115e+06,2.7844e+11,2.4873e+11,-2.0293e+10,3.5448e+10,1.4558e+10,6.902e+09,3.1307e+09,0,1.9867e+07,4.107e+09,2.0676e+06,3.9615e+08,0,0,0,3.9821e+08
3.4256e+07,3.6598e+11,2.3052e+11,-2.8471e+09,4.4468e+10,9.384e+10,3.6641e+10,3.7245e+10,0,8.2116e+08,1.9078e+10,0,0,0,0,5.4963e+07,5.4963e+07
4.8294e+07,1.1986e+13,9.1834e+12,-1.5707e+11,2.8318e+12,1.2758e+11,5.2247e+10,5.3098e+10,2.6268e+09,2.7938e+09,1.5548e+10,3.3752e+07,2.7558e+08,0,0,9.5477e+08,1.2641e+09
2.5354e+06,8.2737e+11,-1.8719e+10,1.5841e+11,1.4735e+11,5.4033e+11,9.3461e+08,1.2845e+09,0,3.1087e+06,5.6386e+08,5.0657e+11,3.0978e+10,0,0,0,5.3755e+11
5.1435e+06,5.4329e+10,3.444e+10,-1.7225e+09,6.2237e+09,1.5388e+10,7.7853e+09,6.4518e+09,9.3263e+07,2.1363e+08,4.9146e+08,2.5123e+08,6.864e+07,0,3.3015e+07,0,3.5289e+08
5.6639e+06,4.5695e+10,1.6602e+10,-2.9222e+09,6.8437e+09,2.5172e+10,9.8484e+09,7.272e+08,7.7578e+09,3.6992e+09,3.1394e+09,0,0,264.55,0,0,264.55
2.3005e+06,2.7899e+11,2.1776e+11,-9.1793e+09,5.3509e+10,1.69e+10,3.5898e+09,4.6582e+09,0,7.2955e+08,7.9226e+09,0,0,0,0,0,0
1.7948e+06,3.6659e+10,2.9956e+10,-2.3246e+09,8.4444e+09,5.8317e+08,2.4606e+08,3.2005e+08,1.3503e+07,2.4755e+06,1.0882e+06,0,0,0,0,0,0
3.2833e+06,1.1057e+10,5.4485e+09,-5.6119e+09,7.1177e+08,1.0509e+10,3.135e+09,6.5953e+07,6.606e+09,6.4919e+08,5.2053e+07,0,0,0,0,8.6773e+05,8.6773e+05
3.4143e+06,4.5381e+11,3.7135e+11,-1.0683e+10,7.2607e+10,2.0534e+10,7.1006e+09,6.6993e+09,1.7051e+09,5.7296e+08,3.2711e+09,1.1854e+09,0,0,0,0,1.1854e+09
4.5671e+05,4.1904e+11,2.7337e+11,4.5419e+10,9.7473e+10,2.7822e+09,3.277e+08,1.6538e+09,1.1655e+08,3.8979e+07,6.4523e+08,0,0,0,0,0,0
2.0341e+06,1.1756e+11,9.6422e+10,-2.5759e+09,1.6308e+10,7.4085e+09,4.8414e+09,1.6464e+09,2.2486e+08,2.1686e+08,4.7901e+08,0,0,0,0,0,0
1.8606e+07,6.4918e+10,2.2041e+10,-3.059e+09,1.0249e+10,3.5687e+10,1.2894e+10,9.9972e+09,9.0343e+09,2.9932e+09,7.6887e+08,0,0,0,0,0,0
1.2884e+07,4.4717e+10,2.6002e+10,-3.1554e+09,6.7983e+09,1.5072e+10,9.2263e+09,7.3319e+08,3.5901e+09,7.5361e+08,7.6906e+08,0,0,0,0,0,0
2.5347e+07,1.6417e+12,9.1105e+11,-1.9008e+10,4.2644e+11,3.2318e+11,2.4903e+10,7.6234e+08,1.4465e+10,4.7062e+09,2.2278e+10,1.1244e+11,1.43e+11,4.2939e+07,0,5.7783e+08,2.5606e+11
3.292e+05,8.7477e+09,6.2243e+09,-2.3897e+08,2.4366e+09,3.2578e+08,3.2554e+08,0,0,2.3936e+05,0,0,0,0,0,0,0
1.3518e+07,9.3496e+10,5.7606e+10,-3.2727e+09,1.3389e+10,2.5774e+10,9.5119e+09,1.1442e+10,1.1421e+09,2.8085e+09,8.6984e+08,0,0,0,0,0,0
4.035e+05,1.0409e+11,8.281e+10,1.3687e+09,1.8183e+10,1.7284e+09,2.4099e+08,1.4724e+09,0,0,1.4964e+07,0,0,0,0,0,0
3.0687e+06,3.3757e+10,2.0024e+10,-3.8087e+09,5.2197e+09,1.2322e+10,4.3942e+08,6.1421e+09,1.3293e+09,4.8693e+07,2.737e+08,0,0,0,0,4.0883e+09,4.0883e+09
1.2433e+06,1.0467e+11,7.4042e+10,5.2112e+08,1.8451e+10,1.166e+10,1.0682e+10,1.8348e+08,1.0468e+07,4.2641e+08,3.5794e+08,0,0,0,0,0,0
1.0309e+08,1.3544e+13,1.098e+13,-3.1798e+11,2.1979e+12,6.8467e+11,1.4022e+11,1.3299e+11,1.0914e+08,1.5362e+10,3.259e+10,3.0421e+11,4.5092e+10,2.7729e+09,0,1.1317e+10,3.6339e+11
3.8767e+06,6.7537e+10,3.8451e+10,-1.702e+09,1.4708e+10,1.608e+10,1.106e+10,4.6941e+09,1.9834e+07,8.016e+07,2.1517e+08,1.0597e+07,0,0,0,0,1.0597e+07
2.554e+06,3.4174e+10,1.2195e+10,-1.3951e+09,9.386e+09,1.3988e+10,4.2929e+08,6.7157e+09,3.9226e+08,2.2902e+09,1.1307e+09,6.2397e+07,0,2.8871e+07,6.5919e+08,2.2795e+09,3.03e+09
3.0143e+07,9.5484e+11,7.1215e+11,-1.1485e+10,1.8038e+11,7.3792e+10,4.6996e+10,2.0581e+10,2.4435e+09,1.0633e+09,5.5597e+08,1.879e+07,8.1782e+07,2.802e+06,0,2.0489e+09,2.1522e+09
1.9792e+07,1.0839e+11,7.5803e+10,-6.1156e+09,1.4005e+10,2.4698e+10,1.0295e+10,1.4327e+09,5.9006e+09,4.491e+09,2.4506e+08,0,2.3263e+09,5.694e+06,0,1.3126e+06,2.3333e+09
2.0313e+06,1.2097e+11,9.189e+10,1.7208e+09,1.6819e+10,1.0544e+10,1.5911e+09,5.1082e+09,0,1.6971e+09,1.6788e+09,0,0,0,0,4.6931e+08,4.6931e+08
2.7133e+07,1.5152e+11,6.3086e+10,-8.5957e+08,2.2467e+10,6.6827e+10,3.0308e+10,1.4483e+10,9.5112e+09,7.7286e+08,1.1753e+10,0,0,0,0,0,0
1.632e+07,9.6866e+12,7.709e+12,-2.7355e+10,1.7896e+12,2.1532e+11,3.4534e+10,4.7079e+10,3.993e+08,4.0851e+08,1.7661e+10,2.7154e+09,1.1252e+11,0,0,0,1.1523e+11
4.0989e+06,1.6974e+12,1.2548e+12,-8.719e+10,3.1267e+11,2.1716e+11,9.0571e+09,1.0249e+11,6.9953e+09,4.0498e+09,7.9497e+10,2.725e+09,1.0129e+10,1.7279e+08,1.039e+07,2.0247e+09,1.5062e+10
5.1493e+06,1.0089e+11,6.4337e+10,-3.9066e+09,1.6103e+10,2.4356e+10,1.1881e+10,4.6266e+09,3.8007e+09,1.112e+09,2.8256e+09,0,0,0,0,1.0953e+08,1.0953e+08
1.3957e+07,6.3249e+10,3.99e+10,-2.0037e+09,5.3879e+09,1.9965e+10,1.0044e+10,6.5885e+09,7.3398e+08,3.6274e+08,2.2353e+09,0,0,33202,0,0,33202
1.4136e+08,1.5524e+12,4.6535e+11,-7.0298e+09,2.4003e+11,8.5403e+11,2.6274e+11,1.6402e+10,1.3482e+10,2.0369e+09,2.3892e+09,4.9999e+11,5.6982e+10,1.6396e+06,0,1.8046e+06,5.5697e+11
4.6233e+06,3.9843e+12,2.4602e+12,1.6846e+11,8.4643e+11,5.0931e+11,2.3348e+09,1.4229e+10,3.0921e+09,6.5506e+09,2.2134e+10,2.6266e+11,1.9826e+11,0,0,4.9104e+07,4.6097e+11
2.567e+06,3.7878e+11,1.1563e+11,6.1498e+09,5.9008e+10,1.98e+11,2.2384e+09,2.975e+09,0,4.2034e+07,8.8718e+09,1.3754e+11,4.633e+10,0,0,0,1.8387e+11
1.5577e+08,1.9002e+12,1.1838e+12,-3.1923e+10,2.2572e+11,5.2255e+11,1.8595e+11,2.0636e+11,1.208e+10,9.2268e+08,4.4559e+10,1.1002e+10,6.1647e+10,2.24e+07,0,1.9082e+06,7.2673e+10
3.2315e+06,2.4329e+11,1.9362e+11,-1.3719e+10,3.7719e+10,2.567e+10,7.5559e+09,4.0571e+09,4.6004e+09,1.0188e+09,8.4382e+09,0,0,0,0,0,0
5.8871e+06,5.2917e+10,-9.3248e+09,-3.195e+09,1.4992e+10,5.0444e+10,1.8321e+10,7.4659e+07,8.0127e+09,6.7459e+09,1.877e+09,6.5731e+09,2.3859e+08,0,0,8.6015e+09,1.5413e+10
2.7968e+07,1.2561e+12,9.2769e+11,-3.4549e+10,2.0026e+11,1.6271e+11,5.5608e+10,1.5899e+10,2.874e+10,1.631e+10,1.6863e+10,1.5025e+10,0,2.6884e+06,0,1.4267e+10,2.9295e+10
8.3054e+07,1.636e+12,1.1691e+12,-4.9142e+10,2.2802e+11,2.8806e+11,2.1445e+11,6.0206e+09,2.9508e+10,1.4398e+09,2.5077e+10,1.5592e+08,5.4077e+09,4.1169e+08,2.624e+05,5.5837e+09,1.1559e+10
3.8165e+07,5.1882e+12,4.1957e+12,-1.3031e+11,7.8338e+11,3.3946e+11,9.1144e+10,1.0042e+11,1.4304e+10,2.6072e+09,8.8015e+10,2.8084e+09,1.096e+10,1.7831e+10,2.7969e+09,8.5684e+09,4.2965e+10
1.0549e+07,3.2264e+12,2.6801e+12,-1.3038e+11,6.3233e+11,4.435e+10,1.9687e+10,1.0628e+10,4.9458e+09,1.7903e+09,6.9127e+09,0,0,0,0,3.8643e+08,3.8643e+08
2.1634e+07,1.7504e+12,1.2755e+12,-3.0349e+10,3.0921e+11,1.9596e+11,5.2874e+10,7.3727e+10,1.051e+10,1.5247e+09,6.4242e+09,1.3625e+10,3.5566e+10,7.551e+06,1.0745e+09,6.2659e+08,5.09e+10
1.4311e+08,1.0471e+13,3.4869e+12,-3.2524e+10,2.5348e+12,4.4819e+12,2.3825e+11,1.9399e+11,4.6595e+10,1.9367e+11,3.4063e+11,1.616e+12,1.706e+12,8.4568e+10,8.2513e+09,5.3894e+10,3.4688e+12
9.0377e+06,4.8136e+10,1.8103e+10,-1.0131e+09,4.4104e+09,2.6635e+10,1.8528e+10,2.0998e+09,4.7403e+09,2.3795e+08,1.0259e+09,0,3.2475e+06,0,0,2.6066e+05,3.5082e+06
2.3119e+07,3.3778e+12,1.1347e+11,2.5858e+11,7.6293e+11,2.2428e+12,1.585e+10,1.3002e+10,0,1.2535e+09,2.1015e+11,1.8432e+12,1.5934e+11,0,0,0,2.0026e+12
1.1658e+07,1.5918e+11,1.2619e+11,-3.62e+09,1.7715e+10,1.8893e+10,6.8027e+09,3.0064e+09,5.7827e+09,2.0387e+09,1.1931e+09,0,2.6889e+07,0,0,4.2118e+07,6.9008e+07
84494,1.3837e+10,1.1909e+10,-1.0819e+09,2.8531e+09,1.5668e+08,2.9408e+07,3.0641e+06,0,9.5743e+06,1.1464e+08,0,0,0,0,0,0
5.5255e+06,2.2242e+10,1.5012e+10,-1.6881e+09,1.3882e+09,7.5298e+09,5.4748e+09,2.8429e+08,1.1083e+09,6.2044e+08,4.1919e+07,0,0,0,0,0,0
4.3418e+06,1.3068e+12,7.1574e+11,2.3758e+11,3.5344e+11,8.6191e+06,1.1443e+05,0,0,8.9606e+05,7.6086e+06,0,0,0,0,0,0
5.387e+06,7.6696e+11,5.9399e+11,-2.5986e+10,1.7214e+11,2.6823e+10,8.0336e+09,5.0066e+09,7.8402e+08,6.514e+08,1.1797e+10,8.9653e+07,3.2156e+08,0,1.3931e+08,0,5.5052e+08
4.6888e+07,4.0417e+12,3.2895e+12,-3.6004e+10,5.1984e+11,2.6836e+11,8.9792e+10,4.6174e+10,4.1803e+09,2.2028e+09,4.3491e+09,4.152e+09,5.7266e+09,7.8529e+10,0,3.3253e+10,1.2166e+11
4.3398e+07,1.7723e+13,1.4353e+13,-5.2072e+11,3.5671e+12,3.2423e+11,1.7377e+11,8.1721e+10,5.0125e+09,1.3679e+10,4.753e+10,4.0839e+08,6.219e+08,8.4775e+08,5.2849e+08,1.1386e+08,2.5204e+09
1.9625e+07,4.2469e+11,3.2716e+11,-9.3428e+09,6.6153e+10,4.0714e+10,2.3256e+10,3.3416e+09,1.1407e+09,4.0755e+08,1.2566e+10,0,0,0,0,2.239e+06,2.239e+06
48000,6.3453e+09,4.6102e+09,-8.1823e+08,2.3424e+09,2.1094e+08,2.0974e+08,0,0,1.1968e+06,0,0,0,0,0,0,0
1.1905e+05,7.0898e+09,5.9706e+09,-6.9611e+08,1.4504e+09,3.6492e+08,2.7357e+08,1.7189e+07,0,2.8302e+06,7.1335e+07,0,0,0,0,0,0
3.6233e+07,4.4016e+11,1.6783e+11,-3.2239e+10,5.4156e+10,2.5042e+11,3.9193e+10,1.0428e+11,1.3793e+10,2.615e+10,1.0687e+10,5.6158e+10,0,0,0,1.6232e+08,5.6321e+10
1.131e+06,4.5684e+10,2.6084e+10,9.7828e+08,6.6556e+09,1.1966e+10,1.0987e+10,3.9092e+08,4.2819e+08,1.4049e+08,1.9578e+07,0,0,0,0,0,0
9.024e+06,5.6666e+12,4.7658e+12,-7.5199e+10,8.3461e+11,1.4143e+11,1.0007e+10,1.5147e+10,3.1655e+10,1.5591e+10,6.5732e+10,0,0,0,0,3.3018e+09,3.3018e+09
7.4371e+06,5.4796e+12,3.7677e+12,4.1061e+11,1.2313e+12,6.999e+10,6.2871e+09,3.4137e+10,2.2238e+09,1.155e+09,2.6187e+10,0,0,0,0,0,0
1.9043e+07,3.879e+11,1.5474e+11,1.1904e+10,7.0639e+10,1.5062e+11,3.254e+10,2.7948e+10,1.0404e+08,1.2429e+08,1.2081e+09,7.3377e+10,1.5316e+10,0,0,0,8.8693e+10
6.5502e+06,4.3804e+10,2.6542e+10,-1.4341e+09,7.1577e+09,1.1539e+10,5.0057e+09,3.4171e+09,0,9.9256e+07,2.8402e+09,6.3194e+07,8.672e+07,2.6558e+07,0,0,1.7647e+08
6.4233e+07,2.4258e+12,1.3585e+12,-5.8108e+10,6.2374e+11,5.0165e+11,2.5781e+11,1.2921e+10,5.938e+09,3.3562e+09,1.8066e+11,6.9315e+09,3.2081e+10,0,1.7648e+09,1.8758e+08,4.0965e+10
6.145e+06,4.0653e+10,3.1035e+10,-2.0852e+09,4.8811e+09,6.8222e+09,4.8926e+09,3.6949e+08,1.2265e+09,6.5219e+07,2.402e+08,0,0,0,0,2.8304e+07,2.8304e+07
1.0231e+05,5.7167e+09,1.9136e+09,-1.2118e+08,5.5659e+08,3.3676e+09,4.4218e+08,1.1531e+07,22299,9.5743e+05,2.9129e+09,0,0,0,0,0,0
1.3052e+06,1.5156e+11,6.6235e+10,-6.1747e+09,3.2403e+10,5.9099e+10,4.336e+08,1.0616e+08,8.311e+07,1.0031e+08,3.1076e+08,1.5073e+10,4.2992e+10,0,0,0,5.8065e+10
1.0029e+07,4.7526e+11,3.7576e+11,-2.9201e+10,8.4449e+10,4.4256e+10,1.9054e+10,1.0071e+10,1.85e+09,2.2233e+09,5.1274e+08,1.0448e+10,0,0,0,9.6956e+07,1.0545e+10
7.2065e+07,8.2752e+12,7.0619e+12,-1.7397e+11,1.0014e+12,3.8595e+11,2.299e+11,9.7354e+10,1.8884e+10,2.4879e+09,2.2333e+10,8.7836e+09,1.5442e+09,0,2.5089e+09,2.1538e+09,1.499e+10
2.8816e+07,1.7166e+11,6.2387e+10,-4.7659e+09,1.687e+10,9.7171e+10,7.1613e+10,8.6034e+09,1.5925e+08,7.2348e+08,1.6071e+10,0,0,0,0,0,0
4.7075e+07,1.3803e+12,7.2894e+11,-1.4649e+10,3.4129e+11,3.2476e+11,1.2704e+11,8.7389e+10,2.7377e+09,2.3183e+09,1.2533e+10,1.1188e+10,5.4399e+10,2.7131e+10,2.5573e+07,0,9.2743e+10
4.5331e+06,1.5852e+12,4.9376e+11,2.1267e+11,3.3034e+11,5.4846e+11,8.3694e+09,1.819e+09,0,1.4045e+08,2.719e+09,4.1763e+11,1.1778e+11,0,0,0,5.3541e+11
6.0226e+07,3.9908e+13,3.4859e+13,-4.3907e+11,5.1109e+12,3.7718e+11,4.956e+10,8.0227e+10,9.5765e+09,2.9254e+09,4.9105e+10,1.08e+11,7.6618e+10,1.1746e+09,0,24223,1.8579e+11
2.9641e+08,2.1762e+14,1.8592e+14,-2.0591e+12,2.9663e+13,4.0969e+12,7.7007e+11,8.3795e+11,2.4637e+11,1.3698e+11,1.0745e+12,4.2335e+11,4.5659e+11,1.1984e+11,3.8884e+09,2.7301e+10,1.031e+12
3.3057e+06,2.8655e+11,2.2982e+11,-2.8737e+09,3.2207e+10,2.7398e+10,7.8425e+09,1.1837e+10,7.2486e+09,4.0604e+08,6.3304e+07,0,0,0,0,0,0
2.6167e+07,1.391e+11,-1.0171e+11,2.0318e+08,4.0369e+10,2.0024e+11,2.8313e+10,2.8067e+10,7.9147e+06,8.2599e+08,2.6312e+09,8.5407e+09,1.3161e+11,0,2.404e+08,0,1.4039e+11
2.1137e+05,6.1086e+09,3.7064e+09,-1.8022e+08,1.1133e+09,1.4692e+09,1.1659e+09,1.1468e+08,3.0244e+07,1.0532e+08,5.2969e+07,0,0,0,0,0,0
2.6577e+07,1.855e+12,5.8825e+11,3.2721e+10,4.2159e+11,8.1239e+11,4.0249e+10,2.3045e+10,1.4649e+10,1.0841e+10,8.3353e+10,5.562e+11,7.2856e+10,6.5129e+08,0,1.0542e+10,6.4025e+11
8.3105e+07,7.7905e+11,3.4869e+11,-2.5159e+10,1.5382e+11,3.0171e+11,1.6874e+11,4.5857e+09,3.3936e+10,8.3575e+09,1.2661e+10,6.0181e+10,1.1432e+10,1.7009e+09,0,1.1454e+08,7.3429e+10
1.1668e+07,1.1293e+11,8.1219e+10,-1.0581e+10,1.7298e+10,2.4991e+10,3.335e+09,1.1218e+09,5.6757e+09,9.3257e+09,1.1679e+09,0,0,7.9085e+07,0,4.2855e+09,4.3646e+09
1.301e+07,6.4887e+10,3.3007e+10,-4.4422e+09,1.0756e+10,2.5566e+10,1.3646e+10,3.0614e+09,3.218e+09,3.6391e+09,1.0239e+09,0,0,6.8536e+08,0,2.918e+08,9.7716e+08
