20.000 9091.568 39071.663 15106.661 1044918.784 2114.182 20560.818 2362.749 1073151.162
40.000 7023.999 38081.464 10765.176 964952.840 2094.891 20257.811 2181.055 950451.137
60.000 5855.178 36741.472 8189.540 968727.673 2053.827 20265.134 2113.392 956073.388
80.000 4988.820 36734.819 6724.340 892136.978 2010.098 18847.937 1981.628 870140.068
100.000 4466.981 36903.750 5734.858 868842.345 2066.578 20025.071 1897.515 834922.954
120.000 3918.893 36318.004 4850.035 806281.711 2065.652 19817.637 1795.725 822256.473
140.000 3952.948 34149.618 4703.115 791486.591 2094.976 20057.222 1720.817 794419.474
160.000 3855.902 33748.815 4736.980 782689.555 2043.777 20093.803 1716.407 772297.191
180.000 3398.497 33824.071 3891.212 729844.906 2100.970 20155.323 1626.527 754482.811
200.000 3154.992 33583.679 3973.993 714381.521 2085.299 19751.844 1573.932 703652.330
220.000 2876.165 33380.501 3329.373 681997.991 2067.562 19997.859 1511.321 683340.926
240.000 2716.377 32875.707 3441.266 664716.112 2070.215 19718.539 1464.685 664033.882
260.000 2492.769 32613.009 2834.150 651318.756 2081.732 19964.086 1022.690 617423.502
280.000 2482.646 32064.023 2894.092 627451.090 2055.125 19686.416 1009.344 624810.061
300.000 2153.645 32686.284 2607.571 611575.092 2080.489 19841.190 985.620 602714.164
320.000 2191.988 32339.919 2541.644 581718.742 2104.207 19726.556 941.915 561197.530
340.000 1945.259 32386.166 2202.252 552517.882 2086.453 19761.433 953.482 558560.915
360.000 1897.734 31633.214 2238.543 537002.112 2054.300 19588.840 937.954 544973.164
380.000 1767.668 31141.539 1924.482 529092.224 2065.900 19624.273 924.662 527380.837
400.000 1791.606 31460.885 1918.256 515578.315 2010.871 19683.148 906.670 508342.947
420.000 1611.930 31184.818 1665.292 504533.445 2022.781 19792.981 892.952 510895.186
440.000 1615.169 30917.519 1733.770 509103.383 2045.359 19927.015 879.489 493775.667
460.000 1476.251 30597.767 1638.965 481196.346 1982.572 19771.552 855.133 483587.315
480.000 1460.255 29840.610 1627.570 472897.267 2045.046 19728.190 851.435 459182.678
500.000 1364.114 29324.224 1514.363 449200.716 2023.141 19730.372 835.237 450502.747
520.000 1269.489 29970.112 1365.803 442283.896 2013.153 19592.920 1051.133 444469.270
540.000 1227.101 29407.514 1375.871 432870.183 2024.317 19459.904 1033.816 428921.427
560.000 1222.243 28297.320 1309.110 420554.621 2021.261 19541.013 1017.914 426960.494
580.000 1118.181 28150.093 1295.598 414578.944 2016.223 19720.480 992.110 414377.839
600.000 1103.792 27724.328 1273.323 407199.836 2017.969 19554.811 977.975 406451.579
620.000 1030.398 28162.886 1198.493 400623.263 2015.870 19590.007 960.226 396075.247
640.000 1010.190 28888.941 1120.474 396458.880 2061.484 19458.341 954.818 393971.431
660.000 967.531 28367.409 1091.686 384323.757 2015.195 19601.674 928.870 380786.251
680.000 957.139 27311.300 1054.201 379211.261 1998.279 19479.944 918.450 375357.874
700.000 891.106 27671.452 1024.975 371132.730 2012.895 19555.761 897.173 367827.001
720.000 896.267 26685.438 1004.721 368851.030 2014.057 18889.518 885.682 363406.284
740.000 794.411 28236.280 884.439 345998.415 1951.228 19481.309 874.459 360564.952
760.000 791.005 27154.948 883.884 349166.199 1967.754 19293.742 857.309 352142.006
780.000 818.234 27941.068 882.461 346625.829 2012.524 19390.111 845.542 345355.741
800.000 770.209 26919.769 875.906 339052.561 2017.401 19367.629 835.465 337213.071
820.000 769.345 27049.057 795.556 336243.007 2012.504 18987.119 812.039 333941.401
840.000 709.318 27504.923 804.465 326287.761 2010.283 19271.724 798.644 328581.302
860.000 716.206 26574.030 741.752 325050.995 2006.426 19389.283 789.886 321919.279
880.000 619.510 26616.906 718.117 316958.845 2000.113 19162.925 785.391 316838.460
900.000 624.329 26800.471 655.943 310655.727 1997.365 19240.697 770.583 314753.313
920.000 608.150 26226.431 661.186 313788.329 1996.276 19259.040 761.327 315178.913
940.000 565.652 26426.015 626.650 305405.609 2004.683 19146.580 747.561 304792.374
960.000 563.503 25992.030 602.493 299957.187 2033.151 18944.977 741.017 301652.464
980.000 536.762 24506.609 561.192 299084.676 1983.496 19160.993 716.844 298012.715
1000.000 521.575 26096.939 554.124 291339.054 1989.370 19080.001 719.121 293983.019
1020.000 499.705 25645.077 534.209 286422.574 1985.491 19193.084 705.102 289480.763
1040.000 497.973 25468.589 521.172 284787.146 1989.753 19052.176 696.751 283944.878
1060.000 475.542 25523.856 492.062 278842.276 1997.180 19217.542 693.635 281455.105
1080.000 448.974 25605.922 460.608 274784.067 1984.627 18977.233 682.912 276032.809
1100.000 441.472 24930.123 468.894 272934.984 1981.684 19097.959 677.478 273236.614
1120.000 433.695 25091.335 458.071 267466.028 1983.736 18998.166 667.906 270058.994
1140.000 425.168 25022.853 447.955 265345.923 1996.302 18887.681 658.682 265741.950
1160.000 409.934 24890.517 412.913 261023.136 1992.387 18976.610 652.925 262514.609
1180.000 396.676 24651.883 405.602 260409.001 1971.948 18927.824 643.371 261512.597
1200.000 393.314 24388.711 380.701 255380.606 1966.350 18859.495 638.115 254918.102
1220.000 382.696 23886.735 402.100 252019.917 2004.520 18891.875 626.518 253282.341
1240.000 371.873 24179.989 367.162 249933.568 1980.338 18626.701 619.873 249738.782
1260.000 378.117 23701.541 387.562 248393.638 1949.770 18905.840 619.263 246153.946
1280.000 364.483 24215.870 375.640 241846.194 2037.776 18775.306 616.223 239392.238
1300.000 348.934 24195.044 368.335 240391.538 1987.573 18696.963 602.188 240580.942
1320.000 337.972 23880.400 332.199 237994.096 1960.914 18777.711 595.562 240234.667
1340.000 343.088 23543.097 352.792 235039.484 1953.467 18638.352 589.517 235329.057
1360.000 333.805 23517.283 332.799 232069.666 1966.964 18743.991 586.865 233016.889
1380.000 325.331 23454.294 340.612 229652.937 1921.009 17811.139 575.464 231058.634
1400.000 319.067 23443.714 331.784 228777.658 1923.737 18583.966 570.005 228042.827
1420.000 314.443 23254.791 324.877 224644.556 1913.751 18712.944 562.284 224803.081
1440.000 315.852 23075.992 312.597 221257.217 1972.909 18564.937 559.705 223169.325
1460.000 301.368 22540.557 318.832 221359.408 1894.190 18628.472 541.835 219790.684
1480.000 303.509 22835.868 313.821 219417.690 1922.071 18396.499 543.571 218528.959
1500.000 294.240 22677.335 309.327 214805.306 1878.996 18482.377 537.202 213348.461
1520.000 290.453 22382.533 303.609 211906.340 1896.702 18595.081 534.345 212791.264
1540.000 284.425 22388.644 299.704 210849.424 1876.223 18329.814 523.884 211369.715
1560.000 282.784 21094.522 273.020 207667.771 1883.114 18479.002 523.308 210552.964
1580.000 274.227 22172.948 290.435 208297.008 1848.814 18388.577 517.528 207602.367
1600.000 278.938 21718.838 283.885 203780.285 1927.245 18549.641 520.855 203534.871
1620.000 264.633 22085.236 275.003 202863.098 1839.816 18422.810 510.341 203131.687
1640.000 269.606 21501.900 277.490 201495.115 1828.712 18237.306 505.190 201253.409
1660.000 266.708 22008.797 270.106 198701.662 1754.550 18511.184 499.627 198143.335
1680.000 262.837 21739.513 271.394 198746.769 1858.137 18366.634 499.531 198125.597
1700.000 256.789 21637.833 268.008 195611.743 1790.084 18478.539 491.284 197290.422
1720.000 251.796 21557.877 265.914 192855.418 1814.955 18277.639 488.441 194617.165
1740.000 250.955 21433.929 260.488 190003.303 1802.371 18207.908 480.260 191517.246
1760.000 254.595 21126.589 257.970 190518.551 1839.129 18051.322 487.932 189513.103
1780.000 243.492 21347.454 251.357 187344.497 1763.818 18268.125 475.513 188538.070
1800.000 242.082 21131.178 248.622 188081.910 1799.658 18295.420 466.023 186267.019
1820.000 234.673 20880.062 241.447 184899.003 1753.417 18281.496 470.843 184932.691
1840.000 230.285 20881.657 243.828 183733.411 1817.895 18147.424 464.911 184403.114
1860.000 232.120 20973.891 237.953 181271.359 1763.563 17983.921 457.000 181639.977
1880.000 231.061 19502.057 234.051 180406.861 1778.378 18010.701 455.501 180426.932
1900.000 226.498 19557.378 232.606 178932.597 1719.296 18128.148 449.712 179429.650
1920.000 227.901 20344.618 232.177 176506.909 1856.817 18052.867 449.416 177140.212
1940.000 216.340 19517.109 230.406 175892.667 1719.152 18219.145 444.824 175886.169
1960.000 210.740 20232.382 224.545 174587.540 1722.402 17855.630 440.724 175930.104
1980.000 214.825 19993.550 222.587 174016.880 1694.727 18108.780 430.704 172072.329
2000.000 212.781 19013.084 222.303 171667.570 1785.151 17878.320 435.205 171503.565
2020.000 208.403 20217.833 208.681 170089.225 1687.221 17858.928 426.283 168229.236
2040.000 204.134 19919.975 219.246 169020.310 1706.009 17775.661 422.430 168589.169
2060.000 188.101 20009.776 214.177 168009.350 1704.010 17713.239 425.214 168207.521
2080.000 132.700 18792.491 216.421 142123.419 1723.192 17641.657 417.198 165143.912
2100.000 200.758 19156.579 204.828 165792.696 1636.250 17348.345 414.435 163568.934
2120.000 200.035 19792.949 209.057 162626.653 1679.146 17585.517 411.965 162286.864
2140.000 196.973 19616.326 206.171 161213.975 1635.672 17489.530 406.746 160259.208
2160.000 201.302 19516.449 199.109 160469.175 1709.376 17520.963 411.638 158519.781
2180.000 196.022 19612.866 198.716 160337.601 1635.595 17490.770 403.283 159548.657
2200.000 189.099 19466.077 195.089 157505.381 1644.930 17582.193 400.608 157831.967
2220.000 188.738 18815.770 191.894 156999.813 1595.845 17693.930 394.694 156226.293
2240.000 191.511 19013.347 194.557 154371.408 1685.525 17312.504 395.666 154552.950
2260.000 187.856 19276.964 189.439 136039.951 1639.539 17693.342 396.134 155919.047
2280.000 185.679 13809.733 191.179 155652.877 1649.025 17573.532 389.896 155677.593
2300.000 179.044 19169.011 186.736 152889.786 1616.925 17643.884 383.827 153070.749
2320.000 176.821 18954.219 186.787 152109.165 1686.918 17577.246 388.431 152312.833
2340.000 183.141 18904.002 184.414 151773.820 1591.663 17680.276 375.337 150812.598
2360.000 178.119 18865.214 182.166 149656.378 1623.728 17507.199 379.586 149458.219
2380.000 175.601 18868.718 181.706 149329.169 1610.778 17081.927 376.064 149730.479
2400.000 181.817 19014.740 179.266 148181.693 1678.177 17471.025 376.618 148655.865
2420.000 175.519 17682.316 178.939 146326.091 1577.373 17627.300 369.316 146722.010
2440.000 172.090 18623.756 175.098 146806.512 1611.470 17378.369 367.255 145861.293
2460.000 171.093 18448.193 179.147 145271.907 1558.931 17446.682 366.204 144956.656
2480.000 174.604 18538.240 164.822 145529.175 1634.329 17366.415 365.204 144695.365
2500.000 164.603 18371.527 172.042 143612.282 1544.661 17374.996 353.353 144402.235
2520.000 169.978 18174.143 175.411 141646.937 1588.319 17244.327 354.986 142162.166
2540.000 158.650 18226.914 171.499 140905.136 1531.839 17267.154 355.865 140252.746
2560.000 161.924 17988.893 161.450 138599.580 1652.957 17424.709 360.732 138936.650
2580.000 162.665 17884.500 167.278 140414.818 1540.685 17245.083 349.910 139250.824
2600.000 161.598 17761.975 165.924 138912.632 1484.716 17077.785 345.634 138459.724
2620.000 159.457 17843.669 166.179 138100.320 1523.173 17181.023 345.031 137492.964
2640.000 162.720 17974.620 160.326 138067.644 1598.447 17023.554 347.460 135895.655
2660.000 159.915 17943.404 161.670 136271.559 1516.054 17255.689 341.730 134774.129
2680.000 155.449 16719.927 160.846 135366.041 1536.667 17140.641 340.066 134747.906
2700.000 153.552 17577.194 158.725 134127.733 1508.475 17405.522 336.772 133757.946
2720.000 150.561 17488.936 161.223 133950.178 1563.496 17142.840 338.217 132654.315
2740.000 147.878 17389.705 160.396 133593.579 1497.067 17309.042 334.162 132251.240
2760.000 148.836 17349.685 157.557 131530.567 1511.297 16935.837 333.416 130738.483
2780.000 145.474 17334.255 153.289 131321.555 1494.072 17325.353 326.836 130394.696
2800.000 149.353 17110.361 153.527 129951.726 1561.147 16797.605 330.837 129299.702
2820.000 150.508 17229.389 152.986 129566.550 1479.522 17360.723 325.928 129293.135
2840.000 143.498 17126.785 151.279 127833.550 1505.962 17090.868 320.935 126751.874
2860.000 144.504 16949.508 150.560 127728.070 1464.009 17161.538 320.454 126842.083
2880.000 144.483 16933.949 150.520 126918.504 1552.727 16997.618 325.337 126737.405
2900.000 138.684 16811.774 147.977 125672.030 1461.274 17226.935 314.658 124506.241
2920.000 139.942 16861.376 147.615 126373.074 1481.191 16893.956 312.618 121671.141
2940.000 142.361 16763.130 147.101 120640.702 1435.287 16452.800 312.911 121480.300
2960.000 140.620 16921.646 145.361 119909.637 1520.762 16890.645 314.690 119529.415
2980.000 129.175 16853.684 144.806 119578.577 1392.564 16919.631 310.574 119861.719
3000.000 139.479 16496.997 143.845 123142.887 1481.211 16799.928 310.556 118592.236
3020.000 135.356 16745.412 142.960 117817.528 1423.301 17067.286 302.592 117898.535
3040.000 135.079 16454.178 140.720 116864.328 1478.180 16866.571 307.097 117348.719
3060.000 133.639 16422.204 140.373 117047.925 1420.511 17049.708 295.213 117086.650
3080.000 133.949 16343.870 141.999 116562.003 1454.519 16817.984 303.133 116708.321
3100.000 133.052 16343.104 137.043 117912.161 1417.401 16743.075 298.958 115691.740
3120.000 138.713 16417.367 138.290 59262.980 1523.858 16721.595 301.499 117658.490
3140.000 126.892 16423.888 135.779 118332.983 1413.645 15509.484 295.009 115076.932
3160.000 130.042 16135.583 134.753 117362.270 1443.065 16593.789 294.245 112865.689
3180.000 126.482 16063.597 134.188 112810.758 1374.149 16639.391 292.770 112652.271
3200.000 129.214 16052.265 132.972 115616.343 1538.836 16667.580 298.051 111980.825
3220.000 126.060 15992.989 132.959 112431.472 1390.850 16656.771 289.417 110919.478
3240.000 120.473 15938.016 131.234 112199.547 1438.031 16524.677 291.349 110663.017
3260.000 122.715 15663.343 131.372 113615.458 1397.527 16558.533 286.853 109131.934
3280.000 128.760 15612.188 131.455 112522.009 1482.060 16584.617 286.181 108868.790
3300.000 127.125 15799.336 129.231 108841.364 1356.968 16745.609 284.199 108881.097
3320.000 127.156 15675.534 128.327 107498.508 1372.667 16386.621 282.766 107520.207
3340.000 125.218 15523.775 129.196 107174.079 1373.837 15910.388 280.420 107956.023
3360.000 122.426 15677.531 128.260 106092.517 1483.084 16565.496 279.230 107444.873
3380.000 125.304 15681.659 127.264 108233.235 1321.948 16462.009 280.746 107149.905
3400.000 119.437 15528.294 126.692 105325.244 1397.087 16459.508 279.852 109167.534
3420.000 123.262 15466.202 125.069 109924.278 1373.213 16448.359 271.995 106304.774
3440.000 118.683 15502.437 125.417 104433.075 1372.518 16498.538 275.583 108578.396
3460.000 115.868 15330.723 123.985 108555.859 1351.848 16436.452 270.320 105223.206
3480.000 114.425 15330.838 124.129 107054.545 1386.788 16449.709 270.847 103658.764
3500.000 116.066 15279.796 121.321 107464.075 1327.311 16246.276 265.087 103446.553
3520.000 115.031 15028.704 119.945 101484.974 1455.824 16295.324 270.128 102098.305
3540.000 119.182 15115.604 121.024 105814.531 1343.142 16275.094 263.357 101430.996
3560.000 113.826 14936.533 119.878 100763.551 1355.514 16227.077 267.313 104751.968
3580.000 113.469 14960.932 118.589 103633.260 1323.594 16320.024 263.376 100781.737
3600.000 116.549 14708.909 120.415 98967.708 1417.046 16108.801 263.878 99332.764
3620.000 110.280 14913.812 117.978 99399.212 1279.841 16225.980 260.285 102675.741
3640.000 115.307 14877.735 119.251 102746.624 1343.131 16110.645 258.711 98727.519
3660.000 111.374 14847.140 117.586 100262.942 1302.082 16315.722 255.782 102001.556
3680.000 108.770 14929.795 117.727 99141.342 1393.819 15921.745 260.976 98495.334
3700.000 110.366 14905.622 114.235 100972.946 1304.191 16262.128 257.632 97862.261
3720.000 109.934 14743.380 115.997 96562.043 1319.484 15967.020 255.684 100076.665
3740.000 112.180 14704.265 113.149 101302.711 1312.110 15869.757 255.254 97425.550
3760.000 109.610 14795.189 112.434 95352.180 1396.016 16027.911 256.090 98801.592
3780.000 107.549 14623.836 113.129 100757.953 1288.661 15867.444 253.060 99037.983
3800.000 110.230 14564.501 112.796 99075.131 1334.643 16062.193 252.363 98436.245
3820.000 106.177 14588.514 111.875 95038.405 1283.725 16112.896 245.742 98252.362
3840.000 108.920 14548.401 108.653 97014.101 1396.468 15845.501 250.247 97769.324
3860.000 108.651 14497.463 110.787 94128.674 1283.941 16158.409 244.641 95389.326
3880.000 105.794 14541.862 111.164 93960.762 1308.108 16053.273 245.991 97123.678
3900.000 104.582 14393.819 109.470 93547.287 1270.054 16038.410 242.425 95507.009
3920.000 103.097 14323.492 109.767 96047.123 1362.297 15722.366 244.389 95571.538
3940.000 103.730 14308.393 108.278 94354.893 1261.222 15811.574 242.255 94598.693
3960.000 102.521 14432.291 108.531 90656.254 1304.151 15754.030 243.480 94495.234
3980.000 100.781 14154.943 107.828 93561.433 1254.550 15990.484 239.226 93324.682
4000.000 104.998 14230.908 105.879 94198.985 1272.822 15612.289 240.212 94449.288
4020.000 105.173 14185.244 103.526 90170.253 1235.359 15882.193 235.069 93242.618
4040.000 104.789 13958.326 104.658 89757.046 1283.923 15762.868 237.887 93368.792
4060.000 99.263 14148.895 104.959 89515.210 1274.760 15854.600 236.683 92825.931
4080.000 101.771 14032.987 105.468 88502.514 1336.504 15554.827 242.851 89983.118
4100.000 100.237 13944.840 103.979 92389.580 1242.919 15653.511 238.217 92932.762
4120.000 101.103 13827.892 103.772 89251.904 1291.358 15746.512 235.191 91847.414
4140.000 95.127 13875.959 100.124 88115.630 1238.727 15648.654 229.501 91389.029
4160.000 101.078 13883.198 103.736 89638.010 1342.397 15782.300 233.990 89188.576
4180.000 97.409 13856.896 101.559 88409.864 1242.050 15824.724 224.764 90144.424
4200.000 86.541 13903.232 87.530 84464.268 1245.270 15571.321 226.927 86981.547
4220.000 85.629 13711.252 86.343 86310.812 1209.463 15547.047 225.428 86294.293
4240.000 80.865 13624.011 85.175 86806.876 1291.833 15452.852 227.479 83333.140
4260.000 80.894 13696.693 85.332 85667.974 1195.282 15449.487 225.355 81816.132
4280.000 82.462 13571.713 87.785 86222.716 1214.957 15163.104 224.558 82662.672
4300.000 84.018 13575.728 83.612 86060.687 1202.563 15509.241 223.522 82245.188
4320.000 85.595 13503.980 82.960 85208.846 1298.987 15297.178 222.887 84986.862
4340.000 80.247 13599.170 85.796 84342.522 1165.462 15443.347 219.263 83973.017
4360.000 81.420 13407.936 82.168 84909.236 1215.212 14623.599 224.372 81182.696
4380.000 80.099 13456.061 84.341 84495.281 1173.609 15367.087 217.795 80567.877
4400.000 79.195 13559.319 83.866 83352.623 1274.700 15448.207 220.202 82748.291
4420.000 79.825 13332.932 82.362 83421.454 1128.505 15326.655 213.676 79766.494
4440.000 82.163 13325.639 82.864 80233.914 1213.216 15325.521 220.789 79175.631
4460.000 81.586 13198.949 82.270 83043.492 1173.176 15320.225 216.740 82692.087
4480.000 77.702 13194.758 81.690 82923.755 1293.411 15078.719 218.611 82432.820
4500.000 79.561 13286.437 80.850 81535.321 1159.845 15251.150 212.626 77934.703
4520.000 80.371 13209.827 80.727 81412.780 1198.557 15282.263 215.149 80742.243
4540.000 78.884 13198.247 82.449 81399.330 1141.975 15183.688 211.784 80986.754
4560.000 78.629 13039.599 81.831 80963.104 1261.396 15388.900 214.942 81200.226
4580.000 77.842 13122.552 81.384 80047.886 1150.207 15123.273 211.731 79903.212
4600.000 78.310 13087.229 81.705 79692.397 1180.820 15424.065 212.789 80378.648
4620.000 79.954 12983.915 80.638 76513.334 1134.838 14700.853 203.578 76409.686
4640.000 78.047 12978.442 79.395 79555.826 1264.223 15294.113 212.007 79586.400
4660.000 77.982 13052.188 79.661 78677.243 1123.853 15256.424 208.997 78931.604
4680.000 79.133 12918.663 79.856 78301.268 1179.605 15291.154 206.915 78525.921
4700.000 77.515 13030.706 78.200 78750.360 1135.768 15168.370 204.564 78001.416
4720.000 75.831 12926.833 77.789 78541.198 1248.275 15090.385 207.391 78028.849
4740.000 75.698 12863.122 78.743 77687.642 1118.529 15134.315 204.875 78042.274
4760.000 76.086 12788.136 76.542 76875.073 1174.226 15130.094 203.753 77082.284
4780.000 74.814 12783.922 75.330 76674.629 1114.173 14980.643 202.528 76659.878
4800.000 75.462 12754.722 76.011 74595.870 1232.756 15135.984 204.653 73955.989
4820.000 75.396 12916.361 74.215 76939.001 1101.876 15060.842 202.247 76467.694
4840.000 75.527 12757.330 74.725 76564.475 1157.844 15068.778 201.782 76219.422
4860.000 74.399 12730.896 74.052 75633.006 1107.988 15020.427 194.209 75694.884
4880.000 73.824 12669.131 73.614 75356.535 1224.556 15103.870 199.830 75462.800
4900.000 75.403 12615.332 73.140 75118.791 1108.204 15014.328 199.559 75177.812
4920.000 74.434 12701.083 72.787 74912.555 1124.788 14960.422 200.295 74923.260
4940.000 72.432 12488.975 72.973 74581.530 1109.382 15239.583 200.372 74207.071
4960.000 71.535 12533.509 73.954 74107.948 1211.390 14847.824 196.271 74334.143
4980.000 70.474 12449.648 73.356 74052.714 1098.182 15207.929 196.444 73121.736
5000.000 69.521 12428.935 75.650 74246.733 1119.539 14822.359 197.013 73977.343
5020.000 73.656 12553.221 72.766 73123.194 1087.925 14555.059 192.107 72957.290
5040.000 69.709 12523.588 72.109 73439.555 1189.452 14843.423 196.072 73425.466
5060.000 69.428 12370.463 73.973 73016.191 1091.214 14985.552 192.813 72953.611
5080.000 71.558 12354.093 71.856 72402.426 1080.326 14836.818 191.529 72160.519
5100.000 71.899 12087.233 71.188 72583.500 1085.009 14984.632 191.143 72760.844
5120.000 67.028 12190.149 69.909 73269.261 1194.861 14620.614 193.866 73032.074
5140.000 68.607 12361.149 72.533 72133.674 1073.661 15029.810 190.854 71411.458
5160.000 67.830 12137.639 72.212 71607.500 1105.475 14617.296 189.110 71160.846
5180.000 70.362 12254.955 71.244 71216.008 1076.776 15039.140 189.019 71248.509
5200.000 67.228 12008.527 71.009 70706.406 1175.129 14648.570 191.534 71383.730
5220.000 69.482 12119.234 70.566 71140.289 1068.522 14996.284 188.688 70810.454
5240.000 68.536 12118.002 70.641 71030.575 1107.708 14667.777 187.815 70552.651
5260.000 67.253 12049.034 70.077 70059.610 1064.290 14895.323 185.618 69857.126
5280.000 68.453 12082.550 69.027 70732.033 1167.108 14625.100 189.048 70707.118
5300.000 66.588 12148.496 69.415 67637.230 1069.687 14859.470 184.588 67324.302
5320.000 68.145 12025.372 68.177 67607.108 1089.258 14563.709 185.364 67249.068
5340.000 66.408 11921.015 70.294 68868.661 1052.826 14549.885 182.036 69105.610
5360.000 66.823 11905.694 67.617 69095.463 1151.869 14658.254 184.424 68937.161
5380.000 66.765 11960.840 69.293 68793.256 1052.595 13552.932 179.526 68765.914
5400.000 68.350 11990.058 68.875 68721.529 1080.120 14567.694 180.714 68694.244
5420.000 66.573 11938.180 68.544 67988.718 1054.032 14767.300 179.511 68547.556
5440.000 67.917 11790.384 68.352 67829.086 1155.137 14558.041 182.959 67762.671
5460.000 68.064 11780.469 68.925 67855.886 1047.489 14773.334 177.815 68188.481
5480.000 65.665 11878.615 68.014 65182.529 1072.696 14493.987 180.541 64773.953
5500.000 64.523 11816.887 67.163 64973.727 1040.375 14766.756 177.448 65350.630
5520.000 63.530 11804.134 66.651 67098.799 1137.294 14445.683 178.845 66961.549
5540.000 65.292 11782.278 65.788 67178.815 1024.524 14758.283 177.296 67408.457
5560.000 62.891 11639.205 65.483 66899.725 1054.193 14473.406 176.701 66612.041
5580.000 62.576 11746.416 60.988 66368.957 1032.063 14700.218 176.434 66240.473
5600.000 65.994 11576.675 64.835 66740.285 1127.354 14477.933 176.963 66453.759
5620.000 65.328 11521.547 64.804 65948.176 1030.700 14658.775 173.961 66124.123
5640.000 65.731 11458.209 64.549 65697.084 1058.900 14477.249 177.057 66153.004
5660.000 64.805 11465.052 63.332 65722.424 1021.351 14735.151 174.041 65014.012
5680.000 62.469 11531.030 63.223 65198.547 1104.209 14296.581 177.152 65373.205
5700.000 62.832 11472.992 64.379 65276.080 1015.102 14568.941 173.351 65060.507
5720.000 62.307 11409.166 64.764 65361.395 1052.924 14377.079 171.985 65181.183
5740.000 63.167 11456.010 62.289 64920.823 1009.412 14433.416 171.625 64662.534
5760.000 60.696 11395.304 63.950 64616.118 1136.400 14343.003 175.424 64933.689
5780.000 61.360 11391.271 63.362 64474.851 1007.391 14606.326 170.508 64893.822
5800.000 64.454 11419.847 62.864 64184.573 1029.580 14332.833 170.686 63502.741
5820.000 61.191 11325.053 62.529 64001.587 1007.905 14500.619 169.590 64090.215
5840.000 61.448 11280.380 64.076 63383.180 1092.703 14381.333 171.170 63806.809
5860.000 56.326 11316.803 63.622 63383.180 1002.774 14604.623 167.142 63490.134
5880.000 60.190 11308.559 61.941 63191.021 1031.619 14329.703 168.317 62977.538
5900.000 58.811 11246.491 62.980 63053.277 982.671 14197.766 165.392 62958.631
5920.000 60.620 11180.493 62.513 62756.587 1108.775 14419.909 168.950 63180.353
5940.000 60.224 11250.715 62.418 62788.982 982.449 14548.233 167.460 62826.603
5960.000 61.673 11207.824 62.101 62763.927 1018.084 14101.819 169.045 62279.311
5980.000 61.058 11168.503 62.067 61892.821 992.586 14429.023 165.468 62488.410
6000.000 60.286 11091.328 61.401 62448.754 1086.016 14309.106 167.143 62091.090
6020.000 60.631 11125.475 60.540 61690.013 948.794 14264.561 160.047 61805.157
6040.000 60.166 11043.261 60.297 61488.038 1020.893 14412.095 163.373 61917.685
6060.000 60.931 11039.966 60.586 61374.071 973.171 14452.984 163.590 61515.092
6080.000 59.049 11049.661 59.969 61765.718 1092.418 14085.244 164.233 61997.004
6100.000 57.121 11005.049 59.590 61153.545 988.178 14299.480 162.356 61165.637
6120.000 59.224 10930.057 61.293 60780.833 1022.048 14281.510 163.199 60845.803
6140.000 60.780 10905.338 59.845 60513.507 965.701 14173.842 160.457 60813.903
6160.000 60.083 10918.212 59.216 60506.405 1083.109 14179.047 163.071 60740.066
6180.000 59.609 10986.181 59.867 60228.374 968.773 14380.307 160.185 60497.678
6200.000 58.711 10844.739 58.147 60107.830 998.660 14059.013 160.078 60315.866
6220.000 58.624 10940.547 58.980 60340.716 970.323 14210.007 155.675 60292.860
6240.000 58.962 10779.024 58.052 60215.255 1079.625 14238.618 160.898 60427.650
6260.000 58.470 10733.178 59.102 59733.250 947.651 14185.645 157.811 59856.708
6280.000 58.164 10835.388 58.818 59415.209 1002.735 14023.244 158.639 59452.963
6300.000 58.065 10721.730 58.576 59025.970 954.987 14268.850 156.719 58220.762
6320.000 58.941 10805.548 57.922 58980.176 1056.353 14117.482 158.754 59025.970
6340.000 57.280 10786.671 57.713 58800.549 940.521 14002.097 157.069 59086.183
6360.000 55.649 10705.792 57.422 58545.237 984.290 13871.984 157.012 58605.513
6380.000 57.954 10708.696 58.502 58797.655 953.018 14170.120 155.009 58987.092
6400.000 57.535 10430.042 55.828 58993.073 1065.616 14188.278 158.782 58885.549
6420.000 57.834 10582.207 57.006 58319.590 928.875 14051.848 153.744 58186.168
6440.000 56.103 10643.830 57.704 58126.751 969.765 13973.985 154.723 58197.500
6460.000 56.733 10590.817 56.079 57863.871 945.309 14070.967 153.650 57625.374
6480.000 53.564 10547.349 56.624 57532.216 1046.959 14096.470 156.414 57826.831
6500.000 54.765 10564.094 56.265 57557.380 939.406 13959.065 153.478 57584.217
6520.000 55.395 10567.068 57.280 57546.729 958.065 13800.247 151.666 57249.991
6540.000 56.181 10581.086 56.724 57651.502 919.273 13877.729 149.944 57410.462
6560.000 56.171 10528.627 56.435 56979.531 1052.749 13780.216 153.123 57168.141
6580.000 55.292 10472.296 57.205 56979.531 938.083 14011.204 150.679 56935.333
6600.000 55.182 10545.293 55.910 56808.195 959.153 14058.548 151.425 56794.209
6620.000 55.180 10385.119 55.318 56237.621 911.857 13939.617 148.961 56549.179
6640.000 52.765 10173.525 56.028 56133.619 1006.901 13621.247 151.232 55565.739
6660.000 53.582 10067.755 55.788 54370.995 910.975 13613.280 148.030 52963.528
6680.000 53.968 10140.505 55.956 55966.292 951.621 13561.875 148.950 54426.137
6700.000 53.755 10170.010 55.277 55800.520 875.602 13878.019 147.350 55160.822
6720.000 54.453 10096.016 55.072 55624.590 1021.009 13690.162 147.421 54226.987
6740.000 54.266 10188.684 54.744 55406.922 909.762 13743.972 144.032 54877.984
6760.000 54.300 10119.581 54.578 55420.480 946.036 13559.659 149.627 55439.471
6780.000 53.651 10264.596 54.371 55225.889 903.649 13901.722 145.726 55070.126
6800.000 53.866 10217.033 54.020 55210.141 1012.891 13739.067 147.668 55298.038
6820.000 53.410 10258.997 54.323 54785.615 889.893 13805.107 144.890 54967.141
6840.000 54.666 10174.758 53.941 52537.841 948.211 13702.313 147.092 52391.730
6860.000 52.671 10164.542 53.309 54379.932 905.245 13862.582 145.839 54348.614
6880.000 52.336 10149.556 53.350 54200.748 1022.090 13689.325 147.175 54531.405
6900.000 52.296 10114.349 54.470 54300.604 897.983 13880.822 144.479 54144.235
6920.000 51.829 10072.869 52.678 54257.378 933.608 13791.643 144.191 54254.679
6940.000 53.309 10094.642 52.200 54357.975 900.900 13792.782 143.454 53979.384
6960.000 52.713 10050.825 52.388 53872.168 993.395 13687.970 143.299 53937.524
6980.000 52.980 10119.887 51.980 53399.228 881.505 13567.889 140.882 53451.575
7000.000 52.456 9948.720 53.065 53640.878 927.541 13505.716 142.240 53675.200
7020.000 51.787 10058.005 52.114 52781.523 882.883 13724.644 144.509 53543.430
7040.000 51.940 9956.596 51.175 53437.298 1004.172 13643.580 144.715 53402.612
7060.000 51.717 10031.491 51.779 52851.091 869.776 13700.906 140.914 52882.448
7080.000 51.655 10003.905 51.867 53034.538 917.028 13599.170 141.174 53013.508
7100.000 51.103 9984.294 52.352 52051.174 878.948 13671.309 140.566 52687.070
7120.000 52.303 9841.798 50.153 52827.597 988.495 13555.907 142.610 52741.630
7140.000 50.448 9875.385 50.287 52323.147 881.000 13626.038 139.735 52125.570
7160.000 51.305 9911.957 52.453 52345.048 901.295 13531.060 139.883 52235.529
7180.000 51.354 9693.989 50.615 52298.055 860.914 13417.479 138.595 52178.140
7200.000 50.948 9717.947 50.165 52221.450 971.551 13555.907 140.417 52372.320
7220.000 50.139 9803.532 51.447 52180.941 864.812 13447.420 138.528 52126.466
7240.000 50.060 9758.825 51.401 51781.531 906.720 13479.227 137.345 51761.082
7260.000 49.599 9814.268 50.905 51694.735 866.556 13421.429 138.241 51418.428
7280.000 50.918 9779.258 51.034 51589.160 959.768 13427.648 140.216 51545.169
7300.000 49.197 9793.552 50.277 51177.510 865.590 13436.392 136.138 51431.038
7320.000 50.259 9641.897 50.325 51308.392 899.550 13323.883 135.544 51490.929
7340.000 49.596 9777.115 49.709 49683.772 863.822 13528.267 138.036 49484.474
7360.000 49.344 8913.292 49.678 51308.392 956.021 13404.178 137.650 51030.664
7380.000 49.165 9657.120 49.342 50693.329 832.961 13593.731 134.788 50828.732
7400.000 48.635 9645.608 48.483 50422.202 882.973 13352.276 136.205 50318.504
7420.000 48.878 9587.346 50.462 50472.972 813.618 13383.051 132.826 50516.032
7440.000 48.716 9595.388 50.284 50546.470 956.939 13325.121 136.988 50599.827
7460.000 48.275 9662.996 48.704 50379.509 849.737 13386.789 134.280 50579.487
7480.000 48.545 9530.253 49.233 49959.450 891.788 13291.165 133.738 49969.370
7500.000 49.369 9505.325 49.658 49917.334 774.571 13258.254 131.833 50083.734
7520.000 48.852 9484.733 49.217 48554.360 949.439 13436.602 134.583 48398.855
7540.000 48.604 9587.346 48.856 48300.607 841.955 13318.422 133.436 48076.844
7560.000 49.130 9598.499 49.151 49774.177 874.671 13309.617 133.907 49585.388
7580.000 48.544 9446.717 48.714 49563.714 840.802 13423.263 130.654 49394.563
7600.000 48.402 9555.674 48.387 49504.916 934.464 13183.244 135.165 49504.916
7620.000 47.852 9455.593 48.145 49190.430 832.210 13304.516 131.202 49209.668
7640.000 47.928 9491.477 47.846 49243.677 871.209 13192.460 131.386 49265.829
7660.000 47.554 9403.731 47.573 48947.780 824.874 13335.608 129.672 48918.628
7680.000 46.245 9404.538 46.594 49755.752 953.449 13145.483 133.824 49831.215
7700.000 48.691 9289.173 47.822 47393.266 825.382 13240.505 130.646 47295.677
7720.000 48.113 9425.049 47.158 47299.735 866.115 13212.314 130.484 47505.095
7740.000 47.401 9363.331 46.842 48759.165 801.715 13042.666 128.020 48592.053
7760.000 47.448 9436.682 46.875 48564.320 939.237 13131.472 129.272 48564.320
7780.000 46.961 9281.880 46.760 48125.650 765.420 12989.226 127.818 48464.030
7800.000 46.062 9356.837 47.567 48157.444 859.849 13182.066 129.357 48268.284
7820.000 45.988 9240.325 46.435 48006.465 808.917 13280.971 125.965 47688.463
7840.000 46.966 9343.469 47.050 48220.244 932.840 13172.514 126.186 47975.111
7860.000 46.606 9344.963 47.002 47775.848 821.782 13270.193 128.853 47896.823
7880.000 46.447 9252.555 46.717 47716.769 866.747 13075.577 128.165 47735.658
7900.000 47.179 9291.410 46.265 47629.600 799.061 13249.597 127.178 47432.880
7920.000 45.980 9264.780 45.732 47831.389 925.300 13197.052 129.115 47380.735
7940.000 45.408 9115.586 46.638 47537.699 808.017 13154.886 125.941 47588.039
7960.000 45.599 9187.826 46.599 47318.412 856.799 13066.187 127.138 47396.836
7980.000 46.528 9149.257 46.011 47101.138 782.997 13134.746 126.226 47089.387
8000.000 45.382 9127.369 46.376 47404.910 916.770 13041.461 126.796 47414.230
8020.000 45.225 9166.052 45.592 46916.152 777.659 13154.153 124.984 46983.889
8040.000 44.890 9206.919 46.076 46962.846 838.099 13020.757 125.950 46981.550
8060.000 45.090 9075.901 45.526 46730.825 807.402 13070.254 124.285 46678.818
8080.000 45.711 9077.358 45.724 46797.501 912.220 12930.306 126.628 46573.479
8100.000 45.550 9077.358 45.726 46258.438 752.857 13226.051 124.269 46390.326
8120.000 45.534 9121.137 45.811 46390.326 838.480 13139.318 122.667 46353.868
8140.000 45.050 8969.514 45.327 46287.934 815.450 13196.459 123.723 46258.438
8160.000 45.893 9056.538 45.197 46172.435 917.627 13008.014 126.093 46458.839
8180.000 44.835 8930.047 45.481 45918.568 794.164 13186.502 123.209 46116.028
8200.000 44.937 8833.918 44.987 46054.446 830.219 13030.019 123.362 46082.046
8220.000 44.546 8842.044 45.756 46063.642 803.828 12980.164 122.520 46033.768
8240.000 44.397 8870.604 44.755 45796.163 908.904 12957.926 124.011 45910.089
8260.000 43.997 8866.343 45.266 45502.583 798.811 13122.671 123.537 45538.513
8280.000 44.295 8835.391 44.501 45571.829 835.257 13047.651 121.692 45617.936
8300.000 44.489 8843.485 43.793 45662.454 777.908 13007.060 121.814 45635.355
8320.000 43.843 8846.707 44.195 45796.163 906.387 12943.567 123.478 45853.055
8340.000 44.068 8785.551 43.552 45093.277 777.347 12900.381 120.938 45179.126
8360.000 44.257 8816.867 44.476 45157.428 826.013 12875.298 120.177 45025.221
8380.000 43.674 8746.499 44.137 44769.632 763.522 12804.902 118.466 45117.684
8400.000 43.665 8838.942 43.993 45091.023 885.737 12886.739 122.178 45111.324
8420.000 43.190 8662.421 43.475 44688.803 780.087 12867.248 118.376 44951.665
8440.000 43.017 8710.786 43.699 44726.483 804.630 12867.983 118.757 44904.659
8460.000 43.052 8648.049 43.438 44922.555 772.289 12819.871 119.316 44653.397
8480.000 43.277 8761.906 43.090 44726.483 890.132 12841.961 121.397 44662.244
8500.000 43.531 8722.075 42.972 44679.946 769.201 12730.108 117.342 44543.115
8520.000 43.282 8668.666 43.002 44276.298 799.031 8619.284 116.307 44239.372
8540.000 42.332 8643.905 43.328 44311.108 755.776 12811.311 116.092 44411.493
8560.000 42.721 8603.028 41.860 44312.715 876.029 12039.912 120.559 44350.647
8580.000 41.730 8538.975 42.965 44062.223 747.914 12844.012 115.587 43987.407
8600.000 41.987 8694.924 43.163 44209.590 806.093 12747.888 115.492 44218.684
8620.000 42.145 8580.219 42.174 43983.443 776.665 12721.860 115.115 43441.233
8640.000 42.535 8606.559 42.731 43952.287 883.242 12766.568 119.215 43612.787
8660.000 41.978 8519.648 42.185 43658.183 753.332 12817.285 116.730 43714.519
8680.000 42.135 8534.570 43.074 43588.782 797.419 12622.318 116.314 43661.825
8700.000 37.865 8442.884 42.301 43740.569 752.361 12554.575 115.288 43451.425
8720.000 40.897 8409.883 41.528 43467.942 858.453 12466.201 118.092 43560.671
8740.000 41.641 8368.857 42.227 43356.461 769.406 12492.901 115.124 43160.156
8760.000 41.405 8488.650 42.558 43360.178 809.750 12668.439 116.087 43248.947
8780.000 41.218 8344.565 42.416 42976.574 772.859 13388.230 114.350 42824.600
8800.000 40.920 8481.616 41.981 43185.953 863.514 12652.780 116.870 43041.113
8820.000 40.681 8334.351 41.760 42733.612 772.467 12298.569 113.375 43151.276
8840.000 41.731 8435.594 42.001 42718.379 717.435 12671.805 111.721 42570.962
8860.000 41.300 8339.143 41.558 42665.227 757.204 12542.775 112.106 42707.610
8880.000 39.980 8359.086 41.567 41682.777 846.855 12506.106 114.336 41836.917
8900.000 41.281 8340.787 41.558 42540.793 770.945 12567.637 113.605 42734.170
8920.000 41.177 8330.982 41.651 42637.723 788.485 12475.622 113.671 42285.449
8940.000 41.615 8228.927 41.015 42601.809 760.568 12529.615 112.673 42268.819
8960.000 40.248 8257.535 40.457 42788.371 865.724 12423.348 114.008 42735.205
8980.000 40.507 8237.532 40.848 42238.711 747.688 12486.764 112.360 42300.479
9000.000 40.325 8325.005 41.382 42141.103 795.513 12457.280 112.394 42238.711
9020.000 40.729 8255.935 40.280 42132.637 743.361 12346.356 112.138 42149.573
9040.000 40.658 8243.036 40.514 41947.235 850.194 12418.552 113.740 41850.968
9060.000 40.340 8257.967 40.169 40709.541 730.403 12474.138 112.496 40567.792
9080.000 40.539 8186.004 40.044 41911.606 746.324 12403.862 111.884 41744.752
9100.000 40.711 8183.289 40.891 41684.596 734.027 12512.467 111.443 41676.312
9120.000 39.791 8200.088 39.634 41823.842 855.212 12133.663 110.953 41684.596
9140.000 40.110 8196.762 39.563 41692.883 750.810 12440.894 109.815 41525.654
9160.000 39.932 8151.957 40.168 41476.430 756.692 12462.647 111.424 41606.031
9180.000 39.885 8083.907 40.108 41393.253 733.479 12411.631 109.806 41426.798
9200.000 40.508 8073.214 40.130 41418.407 833.587 12370.707 112.015 41349.306
9220.000 39.239 8035.681 39.504 41245.983 721.917 13254.868 109.741 41203.438
9240.000 39.266 8009.178 40.086 41199.339 773.962 12330.795 109.779 41322.148
9260.000 39.201 8015.772 40.147 40947.696 718.993 12468.775 109.231 40898.554
9280.000 39.659 8121.958 39.285 41114.426 837.820 12349.600 111.163 40906.736
9300.000 39.673 8031.988 39.070 41095.834 739.496 13192.614 108.072 40957.949
9320.000 39.068 8011.140 39.987 40933.351 778.020 12162.465 110.060 40666.730
9340.000 39.434 8008.473 38.912 40863.816 706.531 12381.756 108.461 40735.595
9360.000 38.820 8049.854 39.378 40709.237 833.152 12424.452 108.676 40923.110
9380.000 39.342 8099.252 39.913 40683.978 705.555 13224.656 107.512 40729.723
9400.000 38.526 8053.817 39.301 40608.176 778.757 12376.323 107.266 40786.380
9420.000 38.817 7995.643 39.337 40372.752 742.452 12468.790 106.366 40607.274
9440.000 37.338 7985.868 39.120 40719.317 834.285 12395.672 108.276 40607.274
9460.000 38.864 8049.068 38.550 40340.330 714.762 12407.001 105.565 40367.612
9480.000 38.646 7992.596 38.806 40287.031 734.954 12349.570 106.341 40297.217
9500.000 38.501 7989.551 38.670 40195.590 709.507 12310.652 106.796 40142.946
9520.000 38.532 8004.397 36.743 40228.055 817.201 12372.962 108.628 40236.179
9540.000 38.249 7942.095 39.099 40134.859 706.131 12346.509 106.052 40270.744
9560.000 37.717 7923.617 37.903 39110.609 750.068 12356.080 106.894 39062.681
9580.000 37.919 7920.809 38.812 38873.115 690.850 12368.042 105.306 38955.080
9600.000 38.407 7990.302 38.551 39886.205 833.876 12256.492 105.383 39974.563
9620.000 38.323 7950.177 38.279 39600.366 704.308 12330.462 106.265 39641.733
9640.000 38.334 7971.808 38.658 39641.733 756.340 13182.435 103.878 39590.529
9660.000 38.169 7832.193 38.475 39476.780 654.633 12351.293 104.314 39600.366
9680.000 38.227 7863.880 38.302 39557.121 813.181 12285.790 106.220 39533.573
9700.000 38.052 7675.512 37.959 39494.388 680.463 13255.231 103.719 39410.403
9720.000 37.931 7804.808 38.670 39443.564 753.551 13138.750 104.956 39247.366
9740.000 37.673 7779.066 37.909 38263.536 707.382 12383.834 103.990 38358.112
9760.000 37.091 7740.575 37.380 38098.210 832.478 12282.683 106.194 38263.536
9780.000 37.346 7809.521 37.728 39011.877 698.352 13104.765 104.403 39029.538
9800.000 38.128 7766.608 37.461 39171.399 749.593 12051.287 104.351 39127.943
9820.000 37.843 7763.673 37.320 38974.801 687.134 12238.996 103.251 38974.801
9840.000 37.465 7771.508 37.030 39013.839 817.470 12096.376 105.761 39053.110
9860.000 37.477 7757.833 37.128 38898.448 710.959 13060.430 104.464 38939.441
9880.000 37.626 7741.888 37.162 38694.771 750.285 12215.394 103.548 38638.893
9900.000 37.117 7708.662 36.681 38646.590 712.308 13008.755 103.538 38727.602
9920.000 37.337 7726.086 36.817 37654.498 833.793 12116.209 103.927 37610.695
9940.000 36.514 7675.720 37.220 38581.257 712.025 12302.157 102.225 38598.530
9960.000 36.766 7744.919 36.975 38692.841 735.355 12254.889 102.446 38669.060
9980.000 36.705 7667.442 37.479 38436.754 705.136 12270.026 101.607 38419.150
10000.000 37.306 7665.808 36.957 38411.331 812.937 12205.952 104.318 38387.894
