20.000 10711.231 27984.862 19403.880 304062.867 2059.723 18542.212 2289.712 303767.780
40.000 9333.414 27076.994 13249.562 308169.197 2071.381 19405.857 2188.091 305916.073
60.000 7493.863 27081.100 9907.239 309289.784 2035.739 19439.655 2093.464 309677.915
80.000 6252.227 26970.229 7855.760 290814.604 2029.859 19060.412 1953.966 306576.942
100.000 5290.944 26686.452 6172.288 306170.741 2054.313 19093.486 1866.832 306574.089
120.000 4625.431 26659.202 5506.954 303256.741 2029.183 18986.256 1761.056 307008.640
140.000 5064.285 26617.613 5909.012 305390.281 2045.342 19132.784 1701.927 305274.160
160.000 4653.428 26489.967 5430.512 304121.636 2044.321 19051.344 1635.915 305748.164
180.000 4270.914 26684.562 5072.836 305356.089 2015.975 19396.863 1621.331 306732.822
200.000 3957.628 26753.851 4005.204 307918.642 2071.108 19246.757 1566.219 306439.211
220.000 3451.590 26633.028 3985.099 307529.664 2078.274 19259.537 1523.059 308025.777
240.000 3270.967 26693.164 3607.418 307774.678 2066.784 19077.898 1475.424 307911.163
260.000 2999.362 26965.174 3352.910 305321.055 2009.319 18755.316 1430.454 302872.675
280.000 2766.288 26386.976 3370.176 301930.769 2003.183 18845.249 1385.503 303016.840
300.000 2498.602 26246.474 3050.961 301402.490 1996.071 18998.054 1347.300 299512.820
320.000 2430.639 26146.607 2649.741 298526.186 2028.453 18999.008 1308.732 301869.409
340.000 2332.158 26546.613 2648.331 296301.977 2037.029 18461.690 1270.315 297649.126
360.000 2228.500 25906.732 2332.348 297176.287 2025.376 18982.241 1252.762 299640.330
380.000 1965.785 26133.854 2226.474 296500.926 2048.503 19070.945 1227.352 298819.159
400.000 1882.389 25483.060 2235.904 296005.511 1999.792 18989.283 1192.338 296794.176
420.000 1811.886 26164.108 1939.056 295677.472 2005.282 19204.674 1169.538 297613.570
440.000 1704.342 26720.728 1903.935 294787.491 1965.132 19014.757 1141.338 297455.736
460.000 1614.781 26011.986 1742.118 296533.873 2006.271 19448.218 1116.100 298408.773
480.000 1584.264 25384.981 1789.368 296098.483 1989.376 18898.341 1096.399 299439.820
500.000 1468.909 26229.866 1686.522 295400.094 1991.402 18873.512 1080.872 296149.898
520.000 1369.141 26265.868 1469.799 291214.935 1984.090 19175.649 1052.905 290855.923
540.000 1373.622 26137.162 1486.749 289232.007 2009.189 19248.504 1032.259 290879.401
560.000 1315.944 25598.650 1459.701 290313.869 1996.063 19038.905 1006.859 289870.600
580.000 1252.720 25907.394 1326.453 291424.001 1979.808 19191.516 993.296 289898.305
600.000 1214.814 26004.018 1276.942 289654.626 1991.201 19003.986 978.364 291035.014
620.000 1175.761 25951.403 1257.305 287853.626 1996.570 18921.009 961.164 288924.136
640.000 1128.339 25914.836 1240.746 289160.663 1993.844 19146.087 934.883 288572.728
660.000 1060.375 26001.364 1174.015 288895.439 1996.060 19260.188 928.101 287918.738
680.000 1010.081 24700.308 1130.015 288217.087 1971.297 19070.174 909.415 290818.448
700.000 945.469 25510.920 1076.266 287910.223 2012.071 19270.559 900.218 288459.154
720.000 942.912 26282.918 1043.711 289479.732 2000.249 18956.316 884.146 288109.905
740.000 907.160 25984.682 883.085 286322.723 1998.950 19228.093 868.071 286455.448
760.000 880.848 25673.352 956.472 287894.469 1994.384 19074.488 850.374 287226.700
780.000 863.023 25731.072 840.499 287318.139 1986.001 19153.020 842.827 286330.506
800.000 816.036 25493.783 869.206 288164.575 1986.717 18934.872 825.584 287769.158
820.000 768.786 24597.866 815.855 286617.096 1993.277 19229.419 810.935 286737.158
840.000 737.137 25023.464 778.153 289267.540 1989.772 19058.408 803.299 288175.476
860.000 702.038 24837.750 772.679 288223.967 1987.719 19127.376 786.016 289021.640
880.000 665.123 25996.329 696.008 289894.594 1981.372 19242.165 774.083 289364.684
900.000 632.872 25826.039 678.876 285084.748 1994.341 19132.708 766.446 288302.582
920.000 610.435 25423.584 642.867 285455.851 1975.482 19082.586 754.807 287742.622
940.000 583.310 25944.850 595.646 285339.531 1937.810 19119.270 743.919 286271.784
960.000 551.814 23990.166 597.604 288297.205 1975.909 19038.833 735.736 289793.699
980.000 525.735 25532.923 575.155 288421.214 1979.511 19234.802 727.305 289418.112
1000.000 518.902 25842.453 554.314 287071.363 1973.220 18871.855 715.959 290249.862
1020.000 495.788 25901.260 526.422 288578.455 1955.601 19080.858 708.900 291662.121
1040.000 487.930 25609.979 515.635 284252.530 1982.868 19042.706 696.636 286789.027
1060.000 469.738 24458.604 492.352 284861.246 1969.526 19043.973 688.891 286507.427
1080.000 452.357 24604.177 481.980 285695.613 1936.539 19047.370 683.849 285521.449
1100.000 448.459 26378.169 464.802 284855.217 1978.115 18920.036 672.217 286404.419
1120.000 429.784 25878.856 453.055 283330.548 1977.105 19057.825 664.860 285023.844
1140.000 414.171 26050.823 436.077 284591.215 1974.954 19240.585 657.293 285467.130
1160.000 409.555 25120.171 421.541 282550.419 1971.240 18769.017 649.764 283250.988
1180.000 398.680 26238.778 389.879 285018.664 1971.662 19029.826 640.822 282651.805
1200.000 383.819 24874.365 405.115 282829.056 1968.485 19011.215 633.393 283438.304
1220.000 378.858 24534.237 386.458 285778.558 1959.816 19165.737 634.143 280871.845
1240.000 356.612 26199.758 384.450 280124.194 1933.821 18986.024 618.350 283611.841
1260.000 361.284 26091.364 359.561 284121.518 1960.485 19128.274 607.086 282669.284
1280.000 349.933 25051.661 362.545 281797.196 1980.596 18673.624 610.576 281881.601
1300.000 343.466 25980.003 347.055 284533.704 1949.167 18869.345 598.389 283146.755
1320.000 329.621 25928.656 349.786 282021.146 1962.068 18994.136 592.723 283097.775
1340.000 327.944 24355.618 346.087 281629.049 1932.435 18980.683 593.388 280244.926
1360.000 321.540 24744.219 335.392 282244.188 1929.678 18871.009 582.424 282279.042
1380.000 314.773 25956.152 332.553 288660.774 1923.171 19054.064 575.103 280985.805
1400.000 307.425 25606.650 324.221 286818.123 1875.614 18734.427 566.072 283130.849
1420.000 303.230 25610.631 314.330 288374.838 1924.939 18944.518 561.008 281085.206
1440.000 296.230 24322.856 301.018 287866.746 1889.884 18702.527 555.738 280608.106
1460.000 292.789 25427.417 293.780 284933.899 1900.333 19046.650 546.424 281267.328
1480.000 286.518 24953.480 302.864 287011.804 1860.087 18668.174 537.946 278945.194
1500.000 278.523 24011.012 294.973 287267.337 1869.871 18809.128 536.279 280391.507
1520.000 278.945 25545.776 287.979 287962.193 1867.706 18875.889 533.213 281428.971
1540.000 270.072 24759.133 286.631 286490.543 1863.474 18882.797 531.354 280009.729
1560.000 272.036 25219.963 282.090 285960.830 1858.067 18908.593 526.117 281833.179
1580.000 264.644 25770.755 277.287 285841.523 1854.728 18903.592 516.408 281233.222
1600.000 262.284 24109.604 274.106 287893.572 1848.328 18781.995 515.176 278299.049
1620.000 256.744 24231.060 269.768 286576.865 1848.457 18826.196 507.852 279905.157
1640.000 252.848 25016.235 264.110 287712.171 1843.005 18869.356 504.104 281688.920
1660.000 249.396 25365.365 263.655 287609.417 1832.806 17925.470 502.234 281182.391
1680.000 248.030 24941.411 251.525 287518.361 1774.543 18683.036 493.568 280100.224
1700.000 238.087 24750.573 255.169 284857.978 1818.096 18851.898 491.235 279334.925
1720.000 230.826 25296.986 251.865 290102.979 1803.526 18820.169 485.289 279729.965
1740.000 229.778 23935.933 247.575 287144.279 1793.257 18784.366 484.576 280351.619
1760.000 238.944 25106.271 241.831 287178.023 1772.971 18683.559 476.900 281670.269
1780.000 234.352 25482.319 239.928 287016.777 1787.028 18604.247 470.179 279526.308
1800.000 223.683 25115.850 235.988 288819.709 1735.599 18692.761 465.364 280772.152
1820.000 225.021 24861.775 234.691 287369.360 1774.010 18706.521 460.045 278256.022
1840.000 212.931 25059.705 229.554 285542.632 1751.040 18609.444 460.559 278465.152
1860.000 220.474 24454.969 228.157 287411.096 1750.965 18657.388 455.137 279462.081
1880.000 215.470 25224.620 224.963 286692.003 1754.919 18580.168 453.210 279976.601
1900.000 210.438 24731.923 220.146 286751.259 1738.083 18811.755 451.505 278566.465
1920.000 210.670 24792.240 221.333 285863.897 1735.075 18527.013 449.079 277261.345
1940.000 201.210 24613.772 216.988 287825.580 1724.031 18812.877 443.785 279922.405
1960.000 204.809 24347.740 214.171 285355.776 1700.391 18343.076 434.768 279564.632
1980.000 205.015 24779.554 213.323 288210.057 1711.091 18662.901 436.205 278093.479
2000.000 202.201 25004.866 209.667 286076.763 1723.700 18501.761 430.701 280057.429
2020.000 191.971 24696.109 206.320 287905.875 1709.370 18585.982 431.021 277477.372
2040.000 191.152 24521.036 203.121 286029.729 1668.155 18394.803 423.093 278841.651
2060.000 193.441 24481.620 201.351 282958.485 1703.544 18632.246 421.757 275694.151
2080.000 192.268 24292.697 201.724 284654.572 1679.352 18500.420 421.012 276582.162
2100.000 184.749 24539.903 198.831 283838.421 1689.038 18588.426 415.345 275224.323
2120.000 185.466 24271.219 196.303 282651.603 1670.842 18426.553 414.738 275114.764
2140.000 183.077 24587.941 193.507 283917.395 1655.694 18410.561 411.484 274574.041
2160.000 180.868 24322.896 191.665 282418.733 1683.969 18474.709 409.477 272570.182
2180.000 172.281 24315.119 187.345 283739.747 1655.443 18462.651 404.791 275317.161
2200.000 179.216 24113.897 188.865 284673.778 1654.323 18368.996 401.395 273887.733
2220.000 174.823 24483.620 184.536 285207.573 1657.261 18474.564 399.019 277102.095
2240.000 172.922 24469.867 185.043 284970.283 1545.426 18314.635 393.947 273418.588
2260.000 178.091 24509.760 183.333 284382.012 1641.688 18490.655 390.320 273887.733
2280.000 171.334 24402.226 179.021 286531.360 1653.634 18279.325 386.090 274601.336
2300.000 168.145 24452.998 179.312 285861.293 1650.391 18293.874 390.508 275707.690
2320.000 158.985 24353.462 177.550 285142.065 1623.594 18216.492 386.035 275337.243
2340.000 170.910 24289.852 173.168 285204.008 1573.579 18288.342 381.193 274205.574
2360.000 167.143 24397.837 174.540 284280.233 1595.199 18203.980 378.361 280059.576
2380.000 160.886 24586.294 172.990 283444.791 1603.992 18490.670 376.944 279174.479
2400.000 156.888 24485.137 170.834 287158.169 1603.113 18111.880 371.600 281804.250
2420.000 164.524 24400.766 168.191 285700.561 1602.204 18147.089 368.504 280267.037
2440.000 159.697 24329.426 165.923 285896.033 1467.904 18090.403 365.046 283049.073
2460.000 161.371 24521.961 166.525 284026.549 1593.703 18562.173 363.965 280231.253
2480.000 153.191 24644.104 164.570 286064.113 1600.452 18384.051 360.038 281955.300
2500.000 150.783 24284.166 160.674 285873.357 1584.983 18297.460 362.597 280524.791
2520.000 158.467 24619.276 159.961 287123.768 1558.410 18040.121 361.201 282914.651
2540.000 151.525 24425.575 160.650 284298.598 1580.130 18435.578 357.409 282048.022
2560.000 142.806 24423.480 158.718 286087.227 1564.128 18223.931 350.513 281084.637
2580.000 143.119 24409.474 156.792 285244.812 1562.772 18339.086 348.828 281656.658
2600.000 147.113 24075.780 153.541 285204.694 1533.345 18166.179 351.240 284070.035
2620.000 139.814 24608.173 155.066 284208.854 1552.831 18466.927 349.018 280970.966
2640.000 145.892 24266.733 154.011 286857.044 1548.476 18026.686 342.546 285788.361
2660.000 144.588 24418.974 153.005 284193.495 1554.942 18243.106 342.080 284087.294
2680.000 144.592 24503.017 151.595 288350.891 1527.431 18153.013 341.169 285138.219
2700.000 139.740 24429.874 149.630 287417.805 1537.768 18254.182 339.534 282365.487
2720.000 137.070 24515.923 148.703 286124.978 1541.243 18106.971 337.268 280238.539
2740.000 137.559 24385.074 149.752 285199.349 1546.614 18230.666 335.193 282340.629
2760.000 137.867 24626.064 146.368 284944.782 1492.994 18171.170 333.647 284690.670
2780.000 134.022 24254.561 145.526 285397.660 1529.815 18169.217 333.079 285057.867
2800.000 136.351 24261.277 143.809 284373.981 1512.518 18201.615 331.217 285355.776
2820.000 137.601 24629.552 141.644 286674.713 1523.572 18284.973 330.272 279620.267
2840.000 131.883 24436.302 139.252 287223.657 1507.490 18258.471 324.641 285908.871
2860.000 132.194 24495.070 139.264 285400.906 1492.194 17968.339 321.977 284543.669
2880.000 132.229 24370.461 140.318 283515.018 1502.625 18096.624 324.299 285827.634
2900.000 129.256 24365.956 138.007 284622.727 1485.243 18184.354 317.847 282993.318
2920.000 129.203 24319.287 137.089 286672.256 1479.741 18115.457 320.149 287800.647
2940.000 124.722 24528.538 135.206 285643.130 1494.247 18321.320 319.018 285131.332
2960.000 126.091 24198.058 135.285 286080.141 1474.046 18070.479 315.315 285452.083
2980.000 127.649 24316.820 135.247 284405.502 1478.595 18306.475 314.660 283794.600
3000.000 125.810 24324.910 132.913 285893.413 1473.097 18216.771 312.317 285678.756
3020.000 124.965 24318.076 133.159 285125.082 1413.298 18372.605 310.008 284846.246
3040.000 127.340 24437.507 133.194 285985.756 1441.022 17984.000 306.950 284795.584
3060.000 125.147 24695.711 130.445 284610.284 1469.803 18149.118 305.931 285128.256
3080.000 128.406 24705.627 130.766 288038.677 1450.159 18376.340 305.046 287501.645
3100.000 118.013 24389.476 128.986 286483.945 1361.794 18269.491 306.250 283458.771
3120.000 122.639 24102.378 128.592 288958.356 1449.242 18198.688 300.461 284768.626
3140.000 121.617 24411.780 127.423 284786.892 1450.140 18165.153 299.831 285199.581
3160.000 118.574 24457.408 126.441 287671.910 1414.860 18156.641 297.855 287411.249
3180.000 122.132 24339.917 124.886 284212.629 1442.619 18296.914 297.843 283788.917
3200.000 116.326 24498.970 124.273 286509.008 1451.341 18228.049 295.061 283618.827
3220.000 120.115 24810.773 124.438 285863.257 1413.151 17993.449 294.921 284859.054
3240.000 117.563 24362.589 122.150 288863.912 1433.591 18124.207 293.367 283558.580
3260.000 115.564 24311.072 122.315 284813.446 1435.465 18239.087 292.390 284516.215
3280.000 114.665 24382.037 121.388 286905.163 1375.981 18068.196 289.871 288933.126
3300.000 118.038 24485.639 120.797 287143.080 1416.541 18325.004 290.221 286146.413
3320.000 117.897 24344.945 120.196 286250.938 1416.330 18138.794 288.846 288385.894
3340.000 114.229 24398.582 120.188 286342.378 1385.370 18205.525 285.920 285775.430
3360.000 114.705 24440.582 120.164 288007.864 1419.005 18017.992 283.825 286867.444
3380.000 116.209 24604.074 117.842 285292.754 1401.322 18478.824 278.734 285156.641
3400.000 116.292 24441.840 118.256 288131.745 1375.812 18171.537 277.216 288815.899
3420.000 109.541 24265.813 116.567 286435.455 1393.999 18388.839 278.989 287281.096
3440.000 113.988 24274.912 115.331 288041.290 1382.771 18091.345 276.607 286524.903
3460.000 108.344 24355.664 114.828 285378.343 1378.798 18296.647 275.953 284180.568
3480.000 109.323 24327.603 114.896 289854.640 1384.335 18208.103 274.911 288930.241
3500.000 108.644 24516.519 111.847 289610.500 1369.975 18224.909 272.158 288477.496
3520.000 110.770 24260.893 113.370 286771.861 1370.771 18101.437 270.536 288782.884
3540.000 109.295 24337.380 112.179 290867.129 1369.280 17994.986 270.929 290574.027
3560.000 109.533 24449.390 109.562 287896.181 1358.210 18099.080 268.757 287461.730
3580.000 104.984 24464.828 110.500 288222.882 1370.663 17832.647 265.893 288805.519
3600.000 108.219 24624.743 110.057 287925.819 1357.279 18000.562 264.822 286676.930
3620.000 106.966 24445.233 110.415 289077.749 1355.795 18307.447 263.783 289410.192
3640.000 107.510 24455.507 110.385 288361.800 1357.479 18191.781 259.392 286947.350
3660.000 103.693 24364.836 109.174 290931.238 1335.854 18073.072 262.436 288240.545
3680.000 107.145 24422.710 109.315 289980.744 1332.462 18174.117 259.088 287395.764
3700.000 105.442 24343.690 107.762 289355.595 1346.511 18279.333 257.943 285199.878
3720.000 101.498 24447.216 107.907 287844.392 1332.306 18158.059 256.557 286906.788
3740.000 104.510 24577.901 106.349 287281.096 1336.932 18097.123 255.642 289242.595
3760.000 104.099 24664.564 105.637 289838.948 1302.991 18084.443 255.356 288230.221
3780.000 84.025 23073.176 104.743 287925.819 1326.601 16901.245 253.419 286639.254
3800.000 103.042 19970.612 104.532 287281.096 1289.610 18599.625 253.792 279442.843
3820.000 100.393 24176.151 104.401 289475.551 1325.157 18224.257 252.371 287893.717
3840.000 101.315 24428.380 103.577 288863.912 1336.149 18109.339 255.018 287359.825
3860.000 99.848 24285.951 103.175 289558.923 1308.487 18183.191 250.347 288415.512
3880.000 99.735 24478.353 101.871 288598.899 1296.776 17960.194 249.926 288799.622
3900.000 92.267 24066.356 102.127 287122.180 1292.462 17471.413 246.588 288318.356
3920.000 99.268 24188.908 100.875 288397.584 1295.373 18634.869 246.199 285537.937
3940.000 98.976 24310.108 101.050 289645.714 1280.711 18012.393 244.444 289443.814
3960.000 94.968 24158.181 100.501 288207.679 1306.595 18339.764 244.739 286880.089
3980.000 94.869 23946.489 100.450 288162.970 1274.749 18684.108 242.318 284667.564
4000.000 94.685 24040.816 99.688 286737.873 1269.413 18471.916 240.268 287994.577
4020.000 97.175 24036.126 99.237 288542.576 1268.931 18672.958 239.872 278750.407
4040.000 96.021 24346.089 97.673 281010.836 1285.627 18728.709 241.000 279697.159
4060.000 95.665 24336.850 97.796 288640.275 1278.702 18848.687 238.818 288103.309
4080.000 91.989 24238.338 97.514 285797.504 1277.525 18675.776 239.995 288070.330
4100.000 94.830 24295.150 96.695 284539.782 1277.756 18782.992 235.833 287065.030
4120.000 93.379 24327.108 96.168 286196.702 1280.512 18862.529 232.664 283114.014
4140.000 88.862 24324.055 95.448 286689.896 1282.841 18979.490 234.545 287535.215
4160.000 92.793 23924.574 95.599 286256.206 1269.585 18733.695 234.479 284798.420
4180.000 91.445 24305.310 94.170 286640.891 1273.358 18918.456 235.037 288010.127
4200.000 80.263 24619.858 84.535 276100.741 1280.599 19002.751 229.335 277264.030
4220.000 79.232 24612.294 80.675 280884.246 1277.836 19190.191 228.830 281260.956
4240.000 79.009 24507.050 80.501 279761.918 1262.662 19032.385 229.656 279761.918
4260.000 79.365 24558.635 83.468 279149.129 1246.165 18871.525 228.184 279714.685
4280.000 78.383 24478.083 79.591 278726.460 1225.532 18848.982 227.234 279761.918
4300.000 77.911 24469.754 81.506 278335.641 1249.315 18670.074 225.879 279381.479
4320.000 72.860 24712.400 81.450 277792.369 1248.853 19090.487 225.591 279814.077
4340.000 79.432 24698.205 80.974 280399.153 1245.936 18840.220 221.873 276699.549
4360.000 76.772 24666.132 77.438 278164.889 1249.516 18864.434 223.864 278914.155
4380.000 78.464 24694.548 76.727 279620.267 1225.254 18663.179 223.212 272403.951
4400.000 77.705 24741.315 79.375 276371.687 1228.579 18815.643 220.694 280456.717
4420.000 77.236 24562.792 76.004 277172.509 1211.508 18875.373 217.841 277553.634
4440.000 76.291 24434.087 77.692 272171.366 1238.392 18677.833 220.846 271985.584
4460.000 76.162 24576.505 77.453 278788.791 1217.170 18809.870 219.732 279620.267
4480.000 75.540 24522.433 76.725 277816.894 1238.392 19088.765 218.561 279620.267
4500.000 74.712 24516.242 74.735 278827.158 1189.026 18846.174 217.984 279869.039
4520.000 74.278 24737.662 75.801 277123.657 1214.589 18892.111 215.613 279469.202
4540.000 74.180 24490.160 75.304 279469.202 1201.881 18974.342 215.579 280530.094
4560.000 73.605 24653.171 77.278 280327.399 1136.227 18643.367 215.520 279670.658
4580.000 75.075 24463.813 73.919 279467.134 1211.264 19039.174 215.459 277793.678
4600.000 74.695 24620.794 73.696 279518.160 1179.482 18788.225 213.439 277541.871
4620.000 74.441 24519.844 73.172 274260.294 1209.672 19018.360 211.140 271391.767
4640.000 73.520 24362.593 74.413 273818.809 1168.068 18818.248 210.500 278399.884
4660.000 73.608 24547.759 71.523 280954.480 1200.917 18910.998 210.029 279927.036
4680.000 72.801 24593.319 74.135 279096.142 1109.244 18755.233 212.214 279988.326
4700.000 72.208 24722.063 71.217 275437.694 1199.601 18904.615 207.378 276902.520
4720.000 71.643 24452.366 72.730 277380.387 1171.229 18701.054 207.672 276710.262
4740.000 71.468 24605.105 71.948 277328.724 1187.813 18991.096 208.577 278887.043
4760.000 70.973 24530.114 72.011 278887.043 1168.618 18757.359 206.875 279777.888
4780.000 69.757 24602.909 73.037 279780.141 1185.597 18651.772 204.048 279567.016
4800.000 70.154 24379.736 71.363 273593.284 1161.441 19010.416 205.936 274683.918
4820.000 69.621 24784.009 73.100 278031.515 1170.687 18802.997 203.814 278453.414
4840.000 68.598 24660.603 72.092 279566.244 1167.660 18869.856 204.559 277795.139
4860.000 68.512 24561.044 71.384 280059.576 1183.475 18686.296 203.739 277768.477
4880.000 66.878 24228.467 69.073 278256.265 1159.854 18975.216 203.624 276208.282
4900.000 69.829 24518.535 70.607 278719.356 1168.389 18928.659 200.734 277045.701
4920.000 69.336 24301.127 70.387 278704.715 1144.164 18912.275 198.437 277315.998
4940.000 68.735 24646.322 70.078 279134.815 1168.301 18743.732 199.401 278651.046
4960.000 68.575 24460.358 69.639 277768.477 1145.055 18741.058 200.549 276208.282
4980.000 68.045 24687.753 69.273 278691.296 1166.819 18874.007 196.493 273979.512
5000.000 67.548 24441.074 68.630 280776.405 1147.211 18936.161 196.607 279620.267
