20.000 14817.407 37563.779 61237.867 1091698.074 2102.423 19924.204 2556.707 1058419.299
40.000 21604.971 36856.370 61703.389 1127795.304 2102.878 20285.304 2499.298 1066589.282
60.000 21063.812 35950.786 57708.949 1184494.170 2018.150 19666.101 2523.816 1135961.837
80.000 19716.246 36536.790 53377.723 1135481.403 2072.409 20282.304 2513.151 1093412.411
100.000 20596.469 36737.984 53905.210 1180884.024 2046.658 19868.629 2528.327 1116641.554
120.000 19925.944 36201.631 52504.503 1128645.867 2088.765 19628.386 2547.667 1054969.756
140.000 19872.084 36449.196 52645.003 1113248.939 2073.980 20252.892 2543.854 1084357.728
160.000 19653.271 36458.475 50347.588 1088427.244 2020.927 20176.481 2551.090 1106545.535
180.000 19449.277 36843.178 49367.179 1083688.583 2055.022 20010.501 2547.264 1122333.300
200.000 19051.358 36779.832 50036.593 1107565.305 2108.453 19735.818 2547.060 1083860.812
220.000 19157.053 36580.462 47265.069 1120806.332 2007.623 20305.979 2535.507 1114617.623
240.000 18806.352 36695.877 48986.783 1159979.072 2060.847 20112.312 2536.159 1132878.654
260.000 18763.771 36582.280 44915.299 1087756.350 2052.966 19761.864 2490.684 1086962.667
280.000 19030.283 36595.652 45750.206 1054253.143 2047.949 20207.476 2526.800 1078967.983
300.000 18902.750 37166.420 45352.214 1061278.157 2090.144 19982.936 2512.927 1060308.283
320.000 18245.366 36624.007 45671.019 1095734.527 2030.734 19935.939 2493.688 1065346.284
340.000 18256.359 36887.619 44764.764 1114396.775 2061.064 20006.892 2501.522 1082435.434
360.000 17908.104 36628.139 44137.938 1107809.686 2058.666 20061.557 2479.704 1082912.904
380.000 17410.280 36968.908 44201.211 1102889.841 2061.666 20356.128 2516.692 1081336.611
400.000 16870.314 36311.407 43154.293 1103200.764 2056.960 20005.361 2533.544 1128961.805
420.000 17414.013 36470.450 42964.063 1095240.935 2072.159 20321.058 2551.387 1098505.646
440.000 17186.711 36382.916 41966.940 1150584.903 2082.630 19942.023 2543.130 1084237.579
460.000 17040.434 36884.823 41459.151 1125153.446 2105.842 20010.112 2551.821 1121886.601
480.000 16426.513 36586.680 41780.604 1171266.904 2067.208 20069.827 2539.473 1107308.039
500.000 16449.063 36376.747 38628.402 1166212.856 2067.584 20222.910 2518.683 1126657.098
520.000 16281.061 36475.738 40079.146 1137835.836 2047.295 20216.459 2543.814 1103455.143
540.000 16342.129 36688.783 38476.058 1135319.513 2071.621 20057.179 2542.656 1114539.072
560.000 15836.339 36706.474 38076.859 1096352.844 2061.276 20005.637 2524.241 1090681.247
580.000 15774.566 37008.977 39308.600 1141333.581 2090.856 20124.748 2512.146 1099328.604
600.000 15717.623 36568.518 38821.701 1129389.492 2061.250 20177.409 2533.328 1114201.962
620.000 15169.380 36043.305 38422.700 1107242.103 2045.953 19727.510 2504.839 1093709.424
640.000 14708.625 35815.371 38395.065 1117017.201 2079.158 19461.922 2516.850 1068216.559
660.000 14771.329 37017.928 34836.579 1124140.520 2053.335 20403.834 2516.451 1084167.352
680.000 14501.572 37086.817 36801.894 1127524.697 2088.797 20040.650 2514.162 1078601.362
700.000 14147.330 37331.047 34049.652 1163351.056 2111.616 20024.930 2543.401 1094248.288
720.000 13690.803 36418.773 33505.904 1148401.523 2078.064 20093.471 2532.649 1122259.144
740.000 14114.551 36418.321 32651.381 1150231.440 2073.736 20297.568 2503.711 1126795.567
760.000 13245.359 36595.968 30141.778 1127115.215 2063.814 20137.481 2545.023 1123561.392
780.000 13353.036 36600.471 28017.101 1078639.884 2108.786 20158.140 2523.091 1115144.103
800.000 12859.750 36620.491 27961.319 1090181.849 2073.889 20279.255 2532.892 1108552.475
820.000 12516.019 36504.059 28377.277 1111638.564 2114.338 20001.970 2455.494 1087719.199
840.000 12717.778 36354.760 27172.974 1119709.887 2054.605 20141.040 2525.964 1132408.513
860.000 12443.058 36604.456 26493.002 1128960.872 2083.887 20377.063 2533.463 1120328.281
880.000 12231.957 36394.450 25627.112 1140983.027 2082.262 19993.362 2525.982 1103401.772
900.000 11786.428 36545.168 24121.842 1136960.775 2074.520 20314.329 2526.619 1134479.295
920.000 11821.845 36673.049 24082.106 1106825.775 2035.405 19882.661 2472.840 1107784.237
940.000 11387.798 36133.180 23093.662 1091624.075 2053.840 19932.736 2501.844 1112250.279
960.000 10994.777 36566.810 21822.845 1101758.804 2073.322 19834.253 2493.892 1091563.283
980.000 10814.178 36530.315 21489.785 1119107.292 2094.995 19762.993 2470.644 1133640.016
1000.000 10632.245 36676.112 20943.815 1074725.603 2060.573 19755.731 2493.676 1127599.509
1020.000 11020.748 36983.831 23369.883 1139245.568 2089.508 19968.325 2463.891 1115794.494
1040.000 10110.420 35947.942 23185.588 1104710.525 2061.937 20060.693 2484.366 1086437.488
1060.000 10642.793 36755.003 22010.501 1074780.622 2056.319 19957.429 2462.096 1084380.008
1080.000 10708.657 36042.335 22242.456 1110415.790 2015.556 19776.041 2495.406 1096410.647
1100.000 10438.362 36811.178 20601.933 1104369.977 2038.056 19947.025 2494.741 1080674.444
1120.000 10316.709 36379.448 21095.110 1065435.816 2057.314 20138.101 2499.576 1096064.978
1140.000 9867.166 36665.616 20685.386 1123308.508 2092.578 19939.429 2512.410 1111270.683
1160.000 10238.533 36538.914 21185.604 1079245.771 2071.833 20179.884 2514.339 1099091.110
1180.000 9826.728 37022.624 20468.702 1125911.028 2063.788 20102.893 2517.880 1107846.595
1200.000 9842.490 36117.707 19588.809 1107607.224 2063.865 19855.056 2521.491 1078962.685
1220.000 9426.614 37062.186 20160.693 1115029.143 2085.094 20197.533 2512.527 1076921.535
1240.000 9624.264 36943.589 20021.920 1087296.263 2080.214 19895.765 2491.321 1082317.307
1260.000 9390.523 37006.074 19562.108 1120693.718 2074.507 20123.016 2533.198 1066991.869
1280.000 9019.896 37332.911 19260.459 1102700.854 2105.194 20168.542 2512.868 1054397.044
1300.000 8438.953 37102.448 19026.954 1113649.082 2121.776 20155.965 2486.993 1101176.123
1320.000 8945.220 36827.781 18874.973 1103298.788 2111.681 20020.459 2510.705 1071331.051
1340.000 8300.551 37014.176 18633.344 1130455.000 2113.695 20229.959 2505.896 1080568.189
1360.000 8923.656 37287.110 18534.792 1123949.215 2109.072 19982.639 2415.138 1061919.091
1380.000 8436.457 36061.656 17838.092 1108494.629 2057.445 19767.626 2478.624 1067841.707
1400.000 8047.467 36198.997 17811.974 1107703.796 2061.182 19465.855 2464.365 1049698.672
1420.000 7996.781 35791.696 17250.103 1121928.688 2058.921 19961.494 2482.095 1055515.464
1440.000 8371.637 36601.653 17223.796 1131990.142 2015.497 19909.221 2486.895 1084652.011
1460.000 8073.308 36390.610 17055.386 1121814.033 2047.047 19860.271 2481.781 1072718.828
1480.000 8150.406 36799.205 16695.225 1110703.789 2076.298 19561.933 2485.550 1056030.637
1500.000 8048.940 36887.529 16742.183 1111825.822 2048.501 20162.822 2518.421 1083518.965
1520.000 8127.050 37091.097 16890.435 1141064.638 2048.730 20198.237 2477.949 1047987.530
1540.000 7607.839 37016.294 16761.044 1099666.461 2096.200 19854.969 2514.390 1071919.561
1560.000 7907.645 36592.412 16725.444 1098770.302 2074.414 20165.552 2513.980 1044340.839
1580.000 7646.869 37252.463 16223.459 1120454.738 2077.869 20327.508 2515.043 1047893.909
1600.000 7642.030 36337.875 16164.161 1084715.784 2069.551 19841.573 2466.578 1054643.884
1620.000 7536.934 37080.970 16098.644 1111995.768 2123.108 19934.209 2513.026 1067931.944
1640.000 7465.891 36742.436 15818.617 1022049.882 2117.676 20234.620 2499.434 1070407.678
1660.000 7271.683 36536.050 15631.974 1091337.672 2120.287 20186.662 2491.822 1086184.563
1680.000 7393.413 37250.216 15644.385 1105768.210 2118.635 19999.740 2463.914 1089750.047
1700.000 7067.814 37142.658 15372.790 1036899.861 2086.379 20362.678 2471.163 1065811.142
1720.000 7189.936 36929.513 15410.078 1083399.557 2068.890 20284.248 2434.084 1044245.834
1740.000 6717.123 36948.616 15008.999 1071159.439 2122.235 20315.538 2499.898 1020929.928
1760.000 6980.397 36930.698 14782.511 1085960.259 2044.332 20018.905 2468.056 1069774.885
1780.000 6950.540 36822.703 14783.294 1058832.795 2058.778 20390.937 2515.859 1074195.887
1800.000 6961.259 36658.888 14623.956 1011990.906 2069.586 20211.658 2496.579 1099126.191
1820.000 6888.424 36810.369 14587.166 1084507.858 2071.434 20158.384 2508.741 1069801.397
1840.000 6833.620 36687.343 14382.377 1046504.215 2071.019 19951.443 2485.973 1073960.039
1860.000 6441.534 36631.769 14336.399 1125181.811 2067.180 20107.853 2497.160 1068306.922
1880.000 6641.633 36866.581 13971.771 1066899.627 2058.905 20295.504 2506.576 1101324.488
1900.000 6632.243 36861.366 14055.091 1119685.263 2080.553 20397.322 2509.058 1113158.675
1920.000 6638.880 36726.654 14017.900 1091993.231 2065.316 20292.011 2501.407 1083907.206
1940.000 6503.412 36908.726 13710.089 1110101.992 2116.502 20194.252 2476.370 1104045.604
1960.000 6494.460 36701.947 13778.375 1080700.802 2093.250 19836.286 2465.056 1102201.543
1980.000 6291.125 36804.264 13518.215 1116028.257 2072.375 19763.367 2447.522 1109764.142
2000.000 6421.260 36700.098 13436.922 1089730.143 2079.544 19843.632 2346.689 1107901.110
2020.000 6202.358 37101.563 13270.002 1114029.948 2086.957 20034.698 2461.799 1058658.462
2040.000 6007.200 35686.682 13071.638 1099271.050 2036.843 19985.094 2480.899 1121880.051
2060.000 6208.913 36447.365 13216.663 1092747.472 2002.876 20240.458 2505.298 1072598.842
2080.000 6096.301 36661.159 13179.367 1079832.901 2094.707 20255.613 2483.858 1060494.646
2100.000 6079.333 36828.982 12994.299 997237.780 2121.976 20305.182 2490.035 1101079.730
2120.000 6081.994 36607.343 13002.779 1071744.065 2075.367 20251.379 2495.221 1089489.649
2140.000 5972.610 36744.546 12777.407 1069475.878 2073.477 20310.001 2498.735 1081973.793
2160.000 6119.097 37130.161 12437.421 1073775.804 2071.179 20232.521 2497.969 1081737.813
2180.000 5926.374 36686.569 12632.894 1045546.893 2079.545 20067.049 2496.166 1090106.368
2200.000 5902.206 36767.970 12645.910 1078882.265 2094.994 20076.055 2481.283 1083709.238
2220.000 5780.670 36803.210 12469.755 1075620.616 2093.439 19930.526 2506.339 1095421.759
2240.000 5792.763 36841.612 12429.715 1094762.093 2075.001 19995.031 2487.272 1046376.260
2260.000 5759.576 36830.598 12349.218 1047036.982 2105.482 20062.731 2490.866 1078167.142
2280.000 5730.191 36452.121 12196.957 1071689.882 2077.352 19987.888 2491.025 1070260.858
2300.000 5580.556 36874.742 11906.252 1085959.787 2035.167 19907.863 2452.428 1099640.177
2320.000 5697.770 36460.150 11831.064 1077512.642 2034.178 19735.706 2453.381 1107545.304
2340.000 5515.424 36268.469 11866.445 1080310.793 2053.981 19779.802 2475.067 1077336.760
2360.000 5572.000 36508.145 11930.634 1084278.497 2045.956 19684.816 2460.206 1109366.930
2380.000 5285.997 36401.627 11623.675 1093464.175 2026.834 19940.364 2473.996 1105157.924
2400.000 5359.251 36412.664 11573.157 1106379.697 2089.387 19907.556 2457.301 1107331.236
2420.000 5407.674 36800.330 11589.572 1094416.819 2056.449 19842.520 2458.907 1095785.525
2440.000 5385.157 36474.461 11509.311 1021280.587 2035.224 19738.217 2456.164 1098281.798
2460.000 5338.970 36666.930 11290.709 1114224.928 2091.361 19927.384 2457.364 1106110.028
2480.000 5333.758 36299.456 11402.695 1064975.916 2058.489 19723.657 2453.933 1101463.084
2500.000 5273.327 36875.381 11198.044 1137269.780 2053.224 19923.135 2464.116 1101735.543
2520.000 5296.692 36832.649 11287.491 1111543.620 2084.176 19532.623 2462.239 1068615.799
2540.000 5236.473 36586.184 11206.004 1090081.752 2082.068 20015.061 2467.317 1035876.080
2560.000 5087.779 36986.244 11043.924 1098101.319 2057.507 19818.937 2453.198 1083683.816
2580.000 5083.417 35995.505 11102.357 1097167.115 2080.563 20333.079 2482.731 1104018.443
2600.000 5067.562 36625.263 10957.980 1082105.668 2055.775 19991.467 2449.087 1068089.167
2620.000 5077.072 36492.715 10716.872 1077169.477 2008.021 20046.317 2460.958 1106598.372
2640.000 5048.447 36711.472 10841.176 1101252.966 2033.163 19488.637 2477.136 1105822.120
2660.000 4994.548 36891.180 10753.839 1114089.737 2055.361 19989.029 2373.716 1110954.482
2680.000 5005.945 36745.900 10590.896 1129007.482 2036.802 20313.597 2397.397 1113690.302
2700.000 4894.327 37173.381 10608.492 1115617.138 2081.562 20160.410 2406.859 1104849.524
2720.000 4920.188 36578.468 10072.241 1086236.730 2067.969 19957.340 2375.672 1087725.764
2740.000 4752.922 36430.094 10444.986 1000187.629 2066.929 20079.819 2393.105 1101464.410
2760.000 4839.223 36431.758 10098.253 1097890.744 2066.070 20229.680 2483.735 1116132.830
2780.000 4772.839 36974.971 10233.078 1043952.493 2105.336 20090.476 2478.978 1118206.837
2800.000 4746.990 37046.932 10369.351 1105921.026 2022.910 20097.887 2463.971 1114351.877
2820.000 4776.391 36248.882 9729.554 1115641.386 2064.580 20007.084 2478.719 1120091.221
2840.000 4480.820 36756.461 10143.586 1110503.804 2100.122 19867.434 2455.155 1102555.268
2860.000 4771.191 36660.597 9832.024 1093541.380 2044.353 19833.172 2451.186 1120957.850
2880.000 4681.547 36075.601 10059.841 1017319.795 2076.919 19893.255 2446.932 1106527.966
2900.000 4684.472 36504.686 9937.680 1093781.417 2039.754 20299.685 2470.653 1106738.409
2920.000 4558.141 36785.557 9956.428 1124281.676 2041.577 20168.585 2463.441 1086985.670
2940.000 4602.946 37123.819 9868.336 1142659.236 2047.617 20028.737 2418.248 1087167.517
2960.000 4569.635 36526.703 9772.635 1005803.553 2084.390 20004.773 2436.300 1125083.904
2980.000 4512.426 36934.764 9621.425 998575.358 2084.342 20088.835 2445.791 1138408.681
3000.000 4564.492 36645.482 9027.275 1117422.982 2080.450 19842.362 2443.394 1104880.364
3020.000 4560.041 36502.760 9724.621 1083880.273 2030.077 19747.569 2438.681 1138091.254
3040.000 4505.627 37000.052 9573.948 1124522.838 2078.052 19482.812 2440.414 1112940.123
3060.000 4443.400 37061.104 9060.780 1115517.805 2085.939 20109.242 2456.055 1102033.648
3080.000 4470.529 36609.133 9164.629 1122637.788 2076.971 20195.033 2454.560 1067259.439
3100.000 4379.522 37049.349 9504.104 1129361.233 2068.540 19981.475 2426.004 1094716.508
3120.000 4395.008 35935.488 9449.492 1108248.878 2079.968 19850.450 2374.053 1091074.074
3140.000 4326.034 37015.948 9226.448 1080673.939 2080.255 19182.441 2455.488 1072196.294
3160.000 4388.906 36088.034 9291.194 1027047.504 2077.599 19734.829 2451.605 1071710.520
3180.000 4284.969 37013.146 9236.536 1117727.663 2013.274 19956.149 2444.573 1069061.630
3200.000 4284.078 36505.766 9308.338 1126231.719 1978.003 20003.378 2441.819 1061708.912
3220.000 4287.954 36507.935 8867.640 1127311.100 2077.605 20267.932 2471.308 1067107.415
3240.000 4284.122 36387.021 9129.926 1119422.452 2089.120 19867.646 2237.879 1077284.571
3260.000 4213.787 35301.094 8973.391 1105295.824 2087.690 20217.128 2457.008 1062666.892
3280.000 4234.157 36471.327 8588.254 1123022.663 2075.932 19689.345 2430.381 1082471.304
3300.000 4005.423 36165.185 8491.439 1127355.026 2072.604 20021.884 2426.747 1063672.460
3320.000 4111.927 36907.860 8974.738 1125841.783 1997.620 19854.775 2430.151 1049538.415
3340.000 4136.305 36698.901 8907.681 1117876.507 2037.762 20270.037 2444.424 1067934.655
3360.000 4057.751 36656.449 8832.287 1100862.936 2056.329 20189.501 2446.608 1067280.923
3380.000 4068.451 36985.856 8789.111 1139557.711 2094.544 20118.124 2461.897 1058252.629
3400.000 4075.106 36706.953 8726.378 1123646.765 2098.377 19672.206 2461.907 1098518.183
3420.000 4003.127 36842.697 8618.844 1123493.411 2095.836 20302.627 2464.987 1110758.349
3440.000 4001.393 36647.533 8694.863 1137101.672 2080.171 20144.472 2461.994 1084474.969
3460.000 3971.452 36857.082 8575.555 1063921.015 2062.543 20328.542 2449.925 1114679.723
3480.000 4001.350 36652.682 8492.228 1083872.829 2103.395 20240.373 2469.893 1135321.858
3500.000 3940.539 37019.437 7997.209 1078236.476 2104.917 19972.876 2452.931 1133086.005
3520.000 3944.831 36982.995 8488.044 1000183.110 2102.023 20173.276 2462.518 1133129.894
3540.000 3921.703 36957.473 8372.246 1100622.567 2065.547 20267.583 2450.185 1117616.181
3560.000 3919.616 36795.767 8461.515 1066523.551 2101.859 20235.298 2437.468 1100147.058
3580.000 3898.087 37255.891 8360.596 1055155.025 2115.895 20019.284 2460.589 1120066.183
3600.000 3866.443 36455.452 8427.805 1015169.020 2099.276 20216.715 2444.908 1113015.101
3620.000 3857.638 36854.179 8100.064 1091529.966 2102.095 20324.534 2438.079 1127743.716
3640.000 3832.186 36848.883 8237.388 1063989.164 2055.610 20236.164 2453.413 1118211.533
3660.000 3790.886 36631.678 8166.545 1093208.706 2066.988 20054.218 2460.735 1115766.307
3680.000 3803.724 36738.699 8096.688 1070784.675 2054.838 20193.334 2460.022 1123425.735
3700.000 3749.517 36945.504 7958.037 1042435.073 2098.201 20275.166 2434.013 1119367.551
3720.000 3741.793 36418.804 8026.812 1097623.773 2052.910 20128.401 2450.660 1116905.261
3740.000 3732.671 37003.887 8022.213 1011744.934 2110.495 20040.898 2442.083 1109913.315
3760.000 3640.242 35822.836 7592.067 1065338.675 2097.216 20213.707 2444.880 1114747.631
3780.000 3691.013 35755.076 7920.612 1087308.447 2049.489 20284.423 2444.606 1112250.624
3800.000 3712.030 36499.471 7823.427 1086653.967 2098.369 19875.451 2424.248 1122857.783
3820.000 3690.453 36371.568 7905.463 1110758.349 2088.181 19798.394 2420.553 1140205.477
3840.000 3628.327 35588.022 7317.431 1049883.326 2064.539 19913.175 2394.496 1115148.439
3860.000 3643.942 35716.027 7345.292 1131077.825 2082.375 19702.853 2421.979 1125431.405
3880.000 3607.683 35565.071 7307.162 1113475.241 2069.159 19653.782 2425.912 1120562.162
3900.000 3597.686 37257.780 7447.206 1086327.046 2114.753 20318.975 2455.031 1143077.396
3920.000 3579.012 36805.427 7339.218 1131079.531 2092.000 20201.052 2445.865 1107486.530
3940.000 3490.529 36683.852 7676.324 1133039.432 2113.849 20097.758 2451.280 1141054.900
3960.000 3533.781 36536.864 7318.197 1119180.223 2096.532 19867.051 2411.504 1097313.765
3980.000 3507.279 36907.647 7530.956 1021550.720 2070.691 20005.874 2417.013 1124461.025
4000.000 3513.059 36513.070 7523.878 1110853.563 2067.225 19608.812 2411.288 1136980.341
4020.000 3475.259 36426.757 7435.076 1130270.438 2086.017 20281.052 2454.644 1102641.158
4040.000 3487.932 36754.706 7197.282 1111589.143 2077.992 19805.215 2414.286 1126705.404
4060.000 3468.554 36933.649 7093.307 1127215.130 2087.188 19796.637 2414.718 1144843.142
4080.000 3410.402 35945.705 7178.704 1090508.590 2040.720 19796.256 2402.794 1123628.113
4100.000 3434.945 36776.516 7383.229 1078118.563 2045.355 20018.877 2424.030 1092768.858
4120.000 3402.344 36235.849 7370.701 1084752.084 2102.176 20169.760 2439.881 1035561.849
4140.000 3382.109 35823.960 6940.079 1049224.902 2077.420 20144.282 2399.494 1062143.340
4160.000 3357.420 35750.039 6948.124 1023638.067 2077.517 19904.624 2418.859 1050903.470
4180.000 3384.449 36382.036 7241.530 1047819.270 2088.409 19991.485 2434.386 1059698.497
4200.000 3347.379 36647.142 7250.910 966570.288 2063.339 19898.145 2400.469 1062364.350
4220.000 3364.191 36484.850 7053.919 1066488.667 2056.669 20041.035 2446.566 1074701.189
4240.000 3323.578 35772.820 7098.270 1032233.969 2096.166 20225.147 2436.799 1071161.034
4260.000 3358.273 37142.826 6932.646 1054411.483 2076.481 19891.810 2415.443 1073650.031
4280.000 3308.366 35476.015 7156.598 983062.197 2085.908 19776.329 2414.066 1065382.981
4300.000 3236.358 35510.655 6739.802 1054315.318 2067.538 19968.434 2398.816 1077516.491
4320.000 3272.427 36714.672 7082.425 1018925.131 2037.733 19920.431 2411.433 1072442.648
4340.000 3268.708 36111.884 6802.361 1079607.426 2089.049 19924.807 2418.723 1082589.616
4360.000 3254.709 35913.581 6752.998 1037967.761 2072.238 19878.092 2403.148 1079583.669
4380.000 3244.182 36820.511 6922.264 1054453.868 2081.939 20049.347 2421.874 1083696.771
4400.000 3215.334 35354.125 6546.440 1047946.527 2065.758 19837.142 2386.875 1096884.237
4420.000 3217.729 35894.689 6727.774 1059530.468 2081.892 19966.007 2413.160 1075849.969
4440.000 3197.677 35991.727 6666.192 1060526.673 2070.752 19989.471 2400.268 1089191.702
4460.000 3214.576 36561.566 6902.256 1028113.073 2032.074 19768.812 2420.113 1083650.684
4480.000 3145.792 36083.884 6725.269 1063651.374 2079.989 19925.593 2413.664 1079139.220
4500.000 3164.952 36353.001 6473.316 1051179.933 2083.642 19989.615 2419.514 1060822.143
4520.000 3173.065 36569.393 6771.658 1076032.125 2070.793 19723.656 2416.284 1094006.415
4540.000 3163.010 36670.403 6586.653 1054946.450 2077.508 19929.798 2420.668 1110171.762
4560.000 3153.623 35893.654 6465.597 1066548.654 2073.139 19815.189 2416.224 1096622.534
4580.000 3145.064 36709.501 6720.248 1038159.350 2066.767 20011.738 2394.091 1095310.296
4600.000 3122.865 35511.097 6697.919 1037776.295 2092.373 19679.225 2412.368 1089799.540
4620.000 3073.271 35632.538 6411.359 1063109.912 2068.813 19934.479 2394.282 1088456.592
4640.000 3055.636 37028.809 6610.952 1067731.138 2036.685 19883.814 2398.832 1099761.718
4660.000 3074.525 36260.290 6341.255 1061083.865 2067.370 20029.635 2389.205 1094371.917
4680.000 3061.910 35498.376 6199.957 1018039.733 2085.020 19808.909 2415.363 1103820.423
4700.000 3027.415 35701.203 6384.565 1073284.713 2085.728 19984.323 2406.789 1090251.314
4720.000 3008.735 35592.979 6332.997 1071969.090 2079.417 19662.612 2386.044 1093468.521
4740.000 3040.795 35815.064 6246.919 1077202.967 2080.743 20308.169 2427.450 1093631.075
4760.000 3008.476 36656.379 6239.390 1041764.463 2071.321 19790.898 2392.756 1087175.974
4780.000 3039.683 36645.523 6453.581 1056200.431 2063.594 19931.593 2385.854 1116561.723
4800.000 3017.540 35563.561 6499.278 1050842.723 2085.643 19689.919 2381.162 1094300.024
4820.000 3017.324 35485.842 6297.935 1065620.822 2056.780 20108.559 2389.557 1100846.405
4840.000 2954.525 35924.079 6071.631 1051978.557 2083.393 19778.091 2398.876 1050261.731
4860.000 2962.698 36697.469 6290.794 1061803.946 2045.668 20174.292 2400.726 1105999.852
4880.000 2982.800 36852.684 6294.998 1068322.997 2100.314 20031.976 2426.153 1099463.132
4900.000 2990.439 35605.643 6359.356 1083026.559 2105.310 20302.804 2410.772 1106537.487
4920.000 2964.666 35658.965 6302.269 1080265.499 2058.426 20195.874 2429.522 1103019.579
4940.000 2936.091 35616.022 6301.321 1073883.756 2076.913 20308.112 2415.815 1069333.965
4960.000 2970.484 36830.455 6329.037 1025893.669 2039.329 19924.979 2401.550 1075435.998
4980.000 2919.169 35483.333 6099.905 1111077.516 2078.679 20073.358 2380.697 1072374.402
5000.000 2930.855 35172.630 5897.078 1071022.108 2076.601 19864.907 2394.275 1047164.998
5020.000 2908.850 35516.185 5926.820 1117820.569 2091.831 19898.897 2395.458 1060478.285
5040.000 2917.348 35807.361 5911.239 1097630.806 2074.800 19885.538 2387.890 1064769.044
5060.000 2933.515 37094.816 6182.411 1081559.927 2088.329 19853.121 2422.789 1080673.139
5080.000 2892.711 36848.396 6132.161 1026959.679 2056.094 19783.782 2365.260 1075726.767
5100.000 2850.020 37204.561 6033.011 1064181.581 2101.957 20096.145 2422.825 1076886.164
5120.000 2823.429 36018.959 5966.180 1122205.729 2102.721 20210.709 2389.568 1074243.308
5140.000 2849.445 36016.964 6095.369 1120599.294 2110.556 20215.154 2428.401 1125261.903
5160.000 2836.456 35538.612 6024.543 1108770.132 2100.209 20012.259 2434.954 1119853.905
5180.000 2851.029 36216.489 5990.860 1066529.242 2086.210 20374.621 2398.514 1111452.453
5200.000 2833.916 35481.755 5962.861 1062455.148 2096.790 19985.212 2409.310 1108406.575
5220.000 2811.120 35700.292 5962.603 1056997.690 2091.261 19943.669 2393.283 1114171.802
5240.000 2763.088 35753.000 5991.838 1069026.044 2080.526 19877.939 2395.228 1082965.730
5260.000 2793.919 36697.611 5843.786 1052522.961 2086.874 19864.621 2394.703 1121298.689
5280.000 2805.029 35654.339 5686.619 1063953.857 2061.419 19804.274 2394.761 1102984.991
5300.000 2794.911 37267.031 5772.315 1069991.403 2095.101 20270.434 2424.761 1115011.421
5320.000 2785.737 35495.843 5769.225 1010123.794 2097.418 19882.887 2373.784 1097094.274
5340.000 2775.109 36326.154 5900.603 1095488.179 2093.316 20244.168 2412.068 1098690.320
5360.000 2763.065 35832.656 5873.573 1044508.754 2091.590 20265.107 2394.267 1099726.690
5380.000 2758.698 36451.290 5631.088 1052653.712 2088.884 20021.445 2377.605 1070226.200
5400.000 2738.139 36784.661 5846.516 1047672.834 2065.747 19867.810 2376.540 1112428.772
5420.000 2738.082 36449.063 5563.910 1070848.614 2087.067 19935.474 2386.254 1081492.116
5440.000 2668.927 35570.746 5747.479 1087554.971 2076.606 20052.506 2369.937 1093232.478
5460.000 2702.864 36833.602 5679.017 997796.978 2065.211 20005.282 2354.639 1104016.116
5480.000 2668.646 35681.454 5730.910 1077429.188 2072.015 19984.591 2383.597 1080574.614
5500.000 2678.642 37147.912 5686.090 1063642.558 2055.833 19932.317 2389.244 1095610.031
5520.000 2657.854 35825.597 5672.053 1061463.353 2042.293 19967.194 2364.219 1109475.687
5540.000 2659.969 37181.093 5400.437 1069767.027 2076.465 20043.464 2376.259 1113406.579
5560.000 2660.168 36496.209 5586.077 1016836.592 2081.475 19665.125 2398.836 1098057.341
5580.000 2628.381 37059.990 5399.117 1083297.749 2094.570 20238.509 2413.042 1111777.987
5600.000 2627.939 35864.503 5619.844 1062838.542 2073.283 19908.534 2383.575 1089821.637
5620.000 2620.509 35587.867 5581.056 1078678.038 2108.361 20076.077 2409.074 1089682.198
5640.000 2633.433 35942.515 5616.035 1047309.094 2108.152 20202.946 2400.796 1054629.614
5660.000 2638.793 36956.136 5350.771 1060702.629 2092.449 20299.555 2392.324 1097461.997
5680.000 2621.213 36618.635 5377.425 1078688.529 2098.897 20219.084 2408.535 1106883.133
5700.000 2553.560 35648.136 5536.467 1067141.619 2097.647 20038.580 2411.910 1111347.536
5720.000 2602.512 36104.509 5552.022 1095733.834 2098.573 20178.793 2408.288 1077927.287
5740.000 2608.376 35999.723 5495.399 1097404.758 2084.845 20350.481 2404.656 1120489.188
5760.000 2580.185 35960.544 5515.095 1056050.445 2103.940 20203.235 2415.986 1069253.014
5780.000 2599.336 36386.240 5490.569 1100459.280 2089.513 20148.967 2420.376 1117892.795
5800.000 2570.155 35814.844 5434.722 1071058.487 2095.068 20348.528 2409.851 1107979.395
5820.000 2577.263 36067.202 5473.109 1076556.183 2092.744 20307.827 2231.153 1097669.875
5840.000 2567.370 35076.890 5377.504 1077443.450 2071.217 19853.615 2372.716 1114531.548
5860.000 2560.201 35657.944 5347.123 1077851.295 2075.130 19626.015 2381.204 1101357.117
5880.000 2551.227 35566.505 5387.263 1061389.400 2077.061 19920.012 2382.396 1088305.715
5900.000 2554.662 36925.884 5317.429 1054848.208 2062.781 19897.996 2376.815 1130051.811
5920.000 2537.553 35737.062 5379.152 1065525.188 2057.248 19884.516 2360.272 1113168.951
5940.000 2522.087 35109.076 5315.214 1057599.270 2114.787 20223.648 2368.701 1121847.883
5960.000 2515.200 36120.203 5328.965 1063364.513 2101.380 20075.519 2398.169 1084778.029
5980.000 2468.091 36920.391 5292.179 1084983.096 2092.167 19669.706 2399.435 1114118.629
6000.000 2475.881 36637.472 5134.748 1076465.302 2102.834 20138.349 2393.308 1106659.768
6020.000 2491.231 37060.535 5003.665 1030486.115 2085.197 20267.238 2375.104 1134762.917
6040.000 2463.025 35551.567 5040.364 1071102.545 2093.210 20101.617 2386.373 1103290.755
6060.000 2463.936 36389.872 5220.216 1086954.370 2115.110 20316.876 2400.421 1109399.504
6080.000 2466.140 36341.471 5074.583 1067092.451 2103.847 20033.335 2389.937 1090333.451
6100.000 2461.082 35873.888 5206.322 1087167.071 2106.955 20025.639 2390.076 1128216.381
6120.000 2445.187 35862.200 5182.498 1081996.647 2110.796 20302.473 2384.975 1103323.036
6140.000 2448.346 36150.556 5125.337 1088076.797 2072.687 19972.434 2354.296 1134671.193
6160.000 2426.183 35696.322 5084.963 1069138.337 2077.556 20151.326 2378.881 1077142.100
6180.000 2420.698 35539.990 4939.732 1083906.013 2091.928 19960.484 2348.911 1101057.812
6200.000 2432.836 36142.326 4978.937 1056254.175 2079.858 19896.744 2373.107 1121663.853
6220.000 2431.006 35500.465 5118.580 1065410.407 2087.808 20024.006 2361.122 1095940.228
6240.000 2415.488 35576.327 5118.542 1054563.820 2085.262 19763.815 2359.744 1092904.893
6260.000 2402.134 35681.276 5077.679 1087296.263 2074.355 19774.995 2365.709 1110209.958
6280.000 2392.278 35614.452 5094.121 1052687.267 2074.004 19848.066 2366.640 1110754.698
6300.000 2381.526 36470.404 4934.974 1052152.507 2075.116 20038.069 2368.818 1074267.252
6320.000 2367.023 36405.569 4859.438 1052557.966 2079.732 20270.049 2392.207 1108092.587
6340.000 2385.128 37075.723 5042.567 1079095.884 2078.390 20213.115 2387.764 1082364.085
6360.000 2372.043 36027.492 5037.792 1088055.991 2108.891 20143.345 2376.525 1125311.640
6380.000 2372.099 36129.897 5011.940 1085257.497 2076.598 20219.301 2399.943 1119841.025
6400.000 2358.035 36005.140 4958.727 1082710.590 2089.961 20093.383 2391.793 1116845.609
6420.000 2363.612 36465.378 4896.009 1090738.336 2079.152 20078.972 2353.407 1104821.963
6440.000 2320.257 35432.580 4914.132 1085516.994 2068.888 20013.087 2346.931 1101867.373
6460.000 2296.257 35950.442 4897.066 1079773.518 2081.512 19801.489 2364.867 1143308.026
6480.000 2304.434 36633.982 4890.735 1078798.960 2082.391 19779.790 2366.987 1110448.414
6500.000 2288.043 36550.032 4785.505 1078863.992 2067.306 19787.636 2358.283 1127477.783
6520.000 2311.473 35472.203 4938.187 1025724.234 2072.724 19763.265 2361.185 1113460.529
6540.000 2310.369 36826.783 4723.649 1076261.689 2082.713 19985.259 2365.810 1101302.449
6560.000 2298.678 36428.391 4893.457 1038524.954 2039.597 19780.760 2353.424 1098902.792
6580.000 2284.969 36257.895 4721.134 985297.571 2072.372 20208.006 2376.600 1135175.589
6600.000 2260.676 36047.948 4852.345 1084156.423 2059.630 20243.666 2385.481 1107421.108
6620.000 2280.514 36483.056 4823.108 1096142.961 2070.385 20264.754 2396.931 1125133.141
6640.000 2267.256 36163.034 4790.116 1068448.102 1817.471 16697.455 2383.184 1126214.040
6660.000 2257.387 35348.559 4797.609 1096585.566 2097.041 20206.498 2393.568 1095104.375
6680.000 2249.192 35701.522 4779.823 1061765.794 2088.802 20102.189 2372.291 1095379.034
6700.000 2247.709 35746.792 4767.339 1104293.087 2089.994 20221.625 2390.701 1114183.704
6720.000 2235.814 36614.928 4754.187 1103764.211 2081.651 20123.029 2381.946 1078255.114
6740.000 2248.318 37029.803 4704.330 1091261.580 2048.252 20346.584 2374.786 1110589.707
6760.000 2241.932 36872.337 4742.980 999131.667 2080.054 20163.834 2388.483 1085903.948
6780.000 2197.993 35695.299 4669.417 1066001.017 2086.891 20276.494 2366.003 1115050.143
6800.000 2221.479 35734.373 4716.939 1048349.846 2095.707 20154.323 2376.991 1087601.390
6820.000 2208.158 35913.513 4672.770 1087158.449 2088.062 20309.010 2396.550 1098465.745
6840.000 2202.462 35660.245 4694.900 1082080.059 2101.229 20013.956 2376.374 1072643.700
6860.000 2197.374 35950.424 4676.043 1104732.813 2104.950 20137.514 2386.336 1104040.781
6880.000 2197.380 36658.867 4618.717 1069752.420 2096.862 20050.894 2378.982 1097668.493
6900.000 2199.499 35943.965 4642.677 1056540.379 2114.122 20105.478 2378.721 1089942.868
6920.000 2154.452 36293.332 4489.812 1082896.758 2095.285 20193.102 2365.510 1093743.358
6940.000 2187.073 35712.816 4623.557 1080235.405 2112.327 20396.050 2379.118 1087966.085
6960.000 2174.307 36680.652 4524.115 1089429.610 2108.714 20240.079 2377.275 1075802.148
6980.000 2185.874 35939.827 4601.052 1080562.284 2113.139 20345.678 2356.592 1099974.226
7000.000 2123.394 36081.070 4595.363 1082913.533 2076.966 20110.700 2378.871 1063499.214
7020.000 2160.209 36003.056 4571.905 1082037.865 2094.934 20297.612 2373.521 1098306.648
7040.000 2112.369 36765.342 4436.686 1084091.115 2100.512 20188.776 2380.871 1085538.213
7060.000 2139.726 36628.247 4560.797 1105842.863 2106.028 20092.584 2380.121 1103045.434
7080.000 2142.949 36661.427 4472.839 1075698.308 2100.731 19961.628 2382.181 1094030.744
7100.000 2136.387 35820.294 4470.845 1058048.049 2102.969 20255.256 2372.222 1112997.346
7120.000 2131.028 36590.640 4508.524 1064091.898 2096.598 20242.408 2338.856 1104095.954
7140.000 2132.578 36515.293 4504.214 1076621.581 2080.616 20266.449 2355.067 1099237.419
7160.000 2110.728 36203.858 4499.087 1061022.611 2078.441 20119.674 2359.496 1094623.880
7180.000 2111.510 36956.790 4487.286 1084751.794 2107.702 20234.753 2378.620 1068605.933
7200.000 2097.334 36582.149 4391.361 1091036.855 2097.053 20072.287 2370.234 1097949.873
7220.000 2102.758 36060.811 4428.428 1093200.692 2116.235 20261.451 2376.665 1091599.708
7240.000 2086.646 36073.701 4427.349 1057658.174 2100.324 20316.127 2357.903 1096625.082
7260.000 2102.826 35943.212 4439.525 1078033.285 2093.742 20258.604 2359.114 1080936.738
7280.000 2090.716 35648.586 4433.591 1083466.414 2095.524 20161.792 2370.608 1107747.612
7300.000 2074.342 36273.898 4421.725 1108874.359 2114.649 20242.518 2357.378 1089578.562
7320.000 2081.389 35532.318 4388.879 1092261.181 2095.521 20131.967 2367.250 1085067.543
7340.000 2069.680 35703.490 4363.350 1082062.212 2110.025 20169.807 2377.893 1081365.110
7360.000 2045.285 35924.616 4365.834 1085294.519 2082.267 20248.892 2351.325 1090559.099
7380.000 2058.086 35667.808 4347.531 1082698.200 2088.224 20297.562 2355.398 1098758.926
7400.000 1995.806 36307.722 4362.720 1079740.522 2108.234 20178.169 2371.613 1075918.337
7420.000 2059.935 37254.600 4251.998 1080726.950 2099.075 20055.530 2359.534 1092780.191
7440.000 2054.470 35532.109 4317.053 1040315.120 2095.749 20243.710 2373.429 1100136.552
7460.000 2044.248 36826.552 4274.784 1095121.322 2102.742 20317.723 2353.584 1116784.685
7480.000 2032.403 35979.462 4280.180 1097518.675 2081.670 20195.828 2369.713 1114381.191
7500.000 2041.542 35818.289 4279.859 1064209.191 2111.137 20064.339 2358.172 1120775.568
7520.000 2022.890 35321.555 4263.392 1113961.907 2099.663 20093.962 2355.598 1121286.572
7540.000 2020.194 36613.195 4246.969 1095211.877 2105.337 20286.009 2376.688 1119618.035
7560.000 1980.987 37082.579 4127.299 1074344.308 2102.673 20259.441 2343.796 1126991.152
7580.000 1984.656 35838.263 4257.186 1114608.085 2094.587 20188.463 2356.951 1113502.175
7600.000 2014.025 35689.744 4241.292 1107495.427 2096.613 20331.746 2355.774 1138652.354
7620.000 1985.739 37159.501 4255.118 1099568.918 2019.044 19801.937 2333.260 1144345.316
7640.000 1983.508 35555.241 4190.553 1089607.831 2074.575 20000.849 2324.105 1107817.740
7660.000 1986.565 36727.414 4136.423 1077147.849 2081.024 19978.960 2336.791 1112534.087
7680.000 1998.458 36414.300 4077.777 1071092.676 2057.106 19951.942 2346.862 1110089.254
7700.000 1979.688 36741.844 4154.436 1091657.686 2088.958 20239.631 2367.967 1116439.662
7720.000 1944.175 35262.603 4215.938 1083676.382 2097.476 19998.794 2340.984 1112313.413
7740.000 1957.097 37301.976 4067.407 1015155.251 2080.911 20325.850 2358.199 1119802.095
7760.000 1983.089 37076.457 4108.969 1068699.441 2092.413 20136.439 2262.286 1133329.595
7780.000 1965.549 36609.274 4180.556 1065092.180 2080.971 20207.065 2366.777 1141890.886
7800.000 1943.481 36136.201 4178.314 1091919.364 2102.167 20227.250 2350.767 1100110.435
7820.000 1950.794 37091.482 4166.043 1060115.601 2111.802 20167.817 2348.127 1135190.510
7840.000 1947.815 36754.873 4111.306 1088168.596 2095.602 20258.815 2345.617 1110206.706
7860.000 1923.282 36757.760 4137.187 1084820.251 2100.668 20177.888 2348.817 1119623.501
7880.000 1949.575 37025.656 4123.598 1077661.081 2049.478 20094.719 2359.150 1116970.862
7900.000 1938.535 35906.793 4116.600 1075391.825 2108.696 20305.512 2347.119 1133642.837
7920.000 1949.895 35917.753 4125.549 1044399.480 2101.009 20057.170 2352.239 1089502.621
7940.000 1936.829 35576.352 4093.796 1085069.752 2096.955 20247.623 2365.340 1115238.540
7960.000 1924.403 36502.146 3963.446 1087882.498 2095.541 20194.180 2324.564 1109313.189
7980.000 1933.723 35765.942 4092.780 1087110.801 2096.327 20355.522 2359.364 1108403.277
8000.000 1917.687 37339.382 4056.440 1095176.230 2104.190 19932.562 2358.209 1106354.853
8020.000 1913.065 35044.822 4045.128 1079259.163 2102.703 20248.010 2359.117 1095941.004
8040.000 1899.502 35846.382 4076.379 1068345.701 2092.577 20180.940 2337.008 1076891.549
8060.000 1903.035 37458.125 4053.062 1074461.527 2091.063 20290.935 2353.070 1103427.809
8080.000 1884.979 36943.257 4030.275 1090047.049 2092.234 20198.602 2338.362 1121537.842
8100.000 1868.977 36740.616 4024.161 1100474.715 2101.764 20232.528 2347.558 1118227.823
8120.000 1882.291 36369.713 4036.230 1081788.290 2101.470 20311.905 2347.978 1122326.296
8140.000 1898.364 36269.470 4009.476 1110191.011 2103.414 20210.957 2327.791 1127346.491
8160.000 1832.531 36871.141 4031.539 1078434.663 2099.705 20266.867 2351.028 1130826.017
8180.000 1869.422 36529.809 3967.482 1078027.572 2102.659 20343.891 2332.629 1121026.629
8200.000 1865.627 36933.519 3970.852 997855.674 2103.589 20044.579 2346.474 1092595.498
8220.000 1843.708 37046.470 3917.808 1030046.214 2090.272 19843.082 2323.257 1090652.374
8240.000 1811.512 35613.532 3926.700 1036206.739 2051.129 19988.504 2311.073 1058222.302
8260.000 1816.324 36020.895 3927.357 1057686.942 2079.818 20066.267 2325.672 1082991.323
8280.000 1815.009 35434.951 3899.892 1047278.436 2080.302 19785.070 2312.886 1069993.547
8300.000 1824.997 36811.070 3940.957 1069524.538 2102.496 20223.335 2347.911 1106169.974
8320.000 1796.666 36262.854 3870.870 1030053.115 2072.566 20265.494 2323.034 1077370.863
8340.000 1792.233 36809.615 3890.716 1048576.000 2103.365 20247.840 2347.946 1091133.866
8360.000 1822.290 35632.068 3876.220 1012200.060 2091.659 20093.334 2350.997 1064767.356
8380.000 1815.717 36723.823 3884.100 1018094.627 2085.098 19968.304 2341.012 1100521.585
8400.000 1778.174 35292.626 3868.415 1039981.115 2091.047 19679.962 2349.638 1091514.935
8420.000 1812.421 35486.325 3868.176 1043908.356 2069.613 20268.892 2311.355 1091326.794
8440.000 1812.243 35599.527 3839.599 1014452.982 2104.041 20099.967 2314.478 1062502.285
8460.000 1785.581 35334.051 3846.431 1045949.581 2113.253 20130.910 2353.553 1097642.815
8480.000 1795.274 36338.556 3796.617 1042153.764 2091.627 20235.383 2345.018 1093223.620
8500.000 1789.444 36865.139 3820.174 1053299.712 2084.709 20199.267 2306.446 1095190.225
8520.000 1795.639 36732.848 3787.752 1045216.584 2095.070 20093.268 2339.304 1072679.817
8540.000 1782.872 36988.370 3821.396 1031961.138 2101.594 20027.089 2335.117 1087753.298
8560.000 1758.687 36892.568 3789.503 1055416.664 2095.110 20188.202 2333.333 1080781.093
8580.000 1767.442 36635.990 3787.032 1060825.579 2080.281 20294.271 2331.837 1081837.265
8600.000 1796.980 35418.059 3800.155 1040158.195 2070.607 19841.041 2301.210 1104949.037
8620.000 1798.003 35362.968 3805.634 1021863.043 2079.262 19812.114 2324.744 1097940.531
8640.000 1753.644 34872.528 3798.488 1047294.549 2074.301 19883.092 2302.148 1090611.239
8660.000 1758.284 36849.708 3779.900 1018001.123 2060.885 19883.045 2319.450 1106688.177
8680.000 1739.302 36735.537 3771.463 1028795.964 2065.276 19662.100 2288.931 1087068.617
8700.000 1776.442 35123.810 3754.934 1069486.020 2086.906 20274.447 2342.861 1106946.922
8720.000 1748.062 37304.809 3757.874 1064489.397 2097.407 20163.035 2323.263 1089429.610
8740.000 1749.364 36557.428 3760.673 1062618.614 2077.440 19965.273 2305.983 1114096.066
8760.000 1756.332 36884.896 3747.889 1010863.676 2096.214 20002.382 2325.271 1061288.403
8780.000 1746.902 36928.799 3734.660 1050880.037 2104.779 20248.612 2337.924 1104823.867
8800.000 1747.314 35422.569 3703.406 1042901.564 2081.609 20135.571 2323.736 1084894.490
8820.000 1725.545 37007.393 3700.060 1049988.406 2081.188 19990.258 2315.724 1101110.373
8840.000 1728.276 37012.238 3716.333 1066254.185 2105.073 19997.685 2318.426 1092596.557
8860.000 1758.009 36486.016 3691.522 1043473.367 2074.674 19824.694 2300.056 1103999.591
8880.000 1718.911 35453.685 3697.179 1041702.423 2076.626 19942.820 2313.340 1077190.795
8900.000 1744.900 36368.866 3677.569 1048850.728 2098.576 20144.178 2337.384 1094277.034
8920.000 1711.472 36867.761 3681.266 1041321.381 2104.231 20116.455 2331.140 1077744.309
8940.000 1733.296 36062.366 3647.952 1064850.602 2089.408 20307.164 2329.910 1092572.642
8960.000 1708.815 36370.304 3662.708 1038597.553 2073.427 19736.695 2318.620 1112923.939
8980.000 1711.718 35985.031 3630.689 1061408.604 2086.707 19960.222 2303.035 1105501.564
9000.000 1731.105 35362.931 3644.126 1062076.979 2042.026 19817.922 2312.172 1098896.601
9020.000 1699.400 37073.686 3616.749 1077969.507 2097.626 19967.197 2343.424 1093358.868
9040.000 1724.702 36618.431 3476.445 1050306.936 2089.117 20171.339 2328.432 1054753.041
9060.000 1704.854 36726.176 3623.022 1051075.658 2081.537 20199.329 2317.322 1112698.134
9080.000 1660.773 36939.704 3619.339 1020721.796 2097.200 20161.533 2322.811 1074524.764
9100.000 1709.285 37273.721 3588.042 1061525.330 2110.203 20286.260 2329.519 1098019.972
9120.000 1697.726 37055.488 3563.292 1057829.689 2074.069 20252.800 2309.393 1082331.572
9140.000 1668.723 37187.665 3555.543 1077726.044 2101.278 20285.888 2334.693 1093018.103
9160.000 1695.005 36776.358 3522.836 1030383.674 2100.449 20133.215 2325.886 1071279.679
9180.000 1667.780 36812.144 3580.034 1015214.668 2056.199 19974.638 2296.987 1108998.421
9200.000 1641.988 36635.910 3574.818 1036421.210 2075.924 19704.076 2283.392 1107610.932
9220.000 1668.400 36521.209 3551.647 1056105.822 2083.423 20093.891 2303.979 1094462.038
9240.000 1652.706 35360.551 3544.863 1037196.684 2049.554 19926.218 2304.561 1062429.624
9260.000 1633.958 36555.641 3566.523 1015742.672 2067.543 19610.590 2293.769 1091420.188
9280.000 1663.880 36601.585 3507.928 1008406.471 2097.552 20123.026 2330.064 1083612.586
9300.000 1645.770 36792.528 3496.649 1080443.563 2084.274 20226.860 2330.446 1111786.724
9320.000 1609.691 36608.444 3503.237 1042586.672 2096.025 19907.687 2301.663 1109693.464
9340.000 1640.639 37232.452 3489.127 1049848.346 2109.971 20253.971 2324.297 1110557.388
9360.000 1637.013 35374.838 3496.653 1046311.119 2064.394 20255.966 2318.003 1124515.050
9380.000 1656.847 36921.253 3488.345 1029674.522 2106.488 20115.311 2321.304 1097343.079
9400.000 1625.713 36756.199 3478.892 1045042.041 2106.839 20019.055 2313.585 1079105.028
9420.000 1641.668 37157.275 3471.879 1059727.595 2102.369 20248.457 2323.904 1094406.371
9440.000 1614.189 37080.221 3457.596 1066546.760 2102.062 20044.455 2326.756 1083743.169
9460.000 1617.082 36646.031 3448.645 1072124.205 2082.108 19976.188 2272.043 1100033.581
9480.000 1604.403 37052.317 3477.857 1057437.021 2090.567 20154.401 2318.481 1106501.382
9500.000 1625.314 36808.929 3449.582 1050573.662 2075.248 19814.695 2301.318 1101811.925
9520.000 1619.077 36573.234 3466.617 1028481.062 2046.288 19828.542 2301.456 1091916.693
9540.000 1623.973 36175.861 3430.977 1043163.662 2081.860 19679.048 2279.489 1098194.873
9560.000 1629.371 36421.005 3353.776 1057436.839 2104.979 20094.150 2322.052 1120109.815
9580.000 1574.481 36961.917 3403.650 1060423.581 2081.416 20068.252 2307.034 1072845.086
9600.000 1576.611 36739.479 3360.393 1006407.893 2075.652 19907.518 2286.627 1086542.873
9620.000 1589.925 36705.435 3389.041 1050676.019 2062.346 19929.388 2293.692 1088245.877
9640.000 1578.576 36647.530 3387.937 1037347.319 2074.325 19852.780 2284.471 1094196.200
9660.000 1582.262 36909.336 3370.525 1058774.589 2082.975 19996.905 2291.441 1074624.405
9680.000 1581.076 36728.194 3353.757 1059898.557 2068.943 19974.548 2288.225 1094082.068
9700.000 1581.369 37099.087 3347.159 1044677.457 2067.402 20026.500 2272.367 1114449.031
9720.000 1590.795 34885.711 3360.517 1018147.493 2052.951 19901.067 2282.927 1083493.125
9740.000 1579.942 35008.459 3345.354 1064986.164 2055.527 19789.067 2293.480 1105850.721
9760.000 1589.534 36766.282 3341.704 1036076.158 2059.644 20214.507 2291.566 1104058.616
9780.000 1563.787 37109.881 3357.138 1052184.815 2088.886 20048.205 2311.675 1115551.194
9800.000 1566.323 36326.172 3360.614 1009158.762 2072.822 19754.954 2291.605 1097628.696
9820.000 1546.832 36509.633 3350.606 1055688.075 2077.899 19963.588 2289.681 1110970.546
9840.000 1571.139 34308.273 3327.292 1055127.894 2082.087 19851.721 2287.836 1092899.950
9860.000 1592.996 36688.647 3253.873 1051957.531 2088.805 19971.230 2297.384 1111359.687
9880.000 1577.353 36063.627 3332.581 1052775.198 2078.183 19934.179 2320.694 1064863.325
9900.000 1553.471 36765.555 3288.168 1065810.088 2072.496 20079.455 2289.532 1091488.021
9920.000 1548.013 36864.728 3293.522 1019303.035 2100.960 20019.947 2317.795 1100184.797
9940.000 1550.264 37145.128 3297.811 1052212.523 2071.729 20219.859 2294.075 1081013.385
9960.000 1506.604 36780.775 3290.003 1014254.922 2096.351 19968.300 2306.851 1096799.811
9980.000 1544.932 36650.562 3279.532 1064156.782 2103.534 20231.771 2295.446 1086898.930
10000.000 1562.525 36628.990 3277.477 1054208.917 2093.344 20221.125 2306.344 1088733.630
