2.000 122812.863 37646.458 24724.203 26919.654
3.000 101492.906 31401.354 23529.684 25111.119
4.000 95210.980 35597.812 20854.693 26358.103
5.000 81601.303 32900.849 19622.990 24366.539
6.000 73164.241 33055.246 19937.040 25546.511
7.000 63663.512 31464.767 18093.620 24146.351
8.000 58967.922 31177.420 20156.388 24508.507
9.000 52758.683 29611.715 18792.072 23996.225
10.000 48422.949 29321.943 18453.889 23778.061
11.000 44307.961 27504.145 19290.479 23188.194
12.000 41127.851 27618.337 18105.919 22883.129
13.000 38283.053 26254.431 17396.023 21979.173
14.000 35441.072 25959.272 16788.846 22109.539
15.000 35188.128 25288.673 17225.528 21382.754
16.000 33269.771 25403.894 16979.259 17327.775
17.000 31571.110 24149.966 16636.305 17128.330
18.000 30660.516 24054.868 15940.265 17590.119
19.000 27753.379 22986.055 16165.363 16823.997
20.000 27227.593 23107.170 16229.512 17052.261
21.000 26489.446 21907.377 15959.128 16617.283
22.000 25597.459 21694.339 14035.947 16964.256
23.000 24281.385 21086.489 15694.733 16314.898
24.000 23489.791 21146.810 12416.255 16653.470
25.000 22744.592 20206.218 14953.884 15984.125
26.000 21861.234 20218.336 14018.361 16447.529
27.000 21190.872 19506.829 14847.681 15587.183
28.000 20465.711 19478.583 12005.393 16077.828
29.000 19599.305 18502.813 13944.109 15626.549
30.000 18700.625 17386.737 13168.380 15583.476
31.000 18332.906 17991.306 12841.710 14720.688
32.000 15197.587 16801.910 12312.289 14927.876
33.000 16859.393 17196.716 12951.263 14653.646
34.000 16380.495 16546.596 12279.982 14900.147
35.000 14707.372 15965.698 11277.812 14012.930
36.000 15620.859 16950.370 10518.028 15018.194
37.000 14308.494 15977.859 12204.151 13982.956
38.000 14817.149 16309.140 12140.216 13909.310
39.000 13047.496 14059.126 9736.652 13364.449
40.000 14062.274 15872.539 10278.822 13938.810
41.000 12535.155 14839.909 11417.659 13367.109
42.000 13389.789 13867.247 11508.406 13497.037
43.000 12070.792 14276.889 9403.597 13196.289
44.000 12736.141 15017.194 9443.837 13934.816
45.000 11368.951 12895.781 7713.253 13164.439
46.000 11796.327 14250.090 8883.034 13253.111
47.000 10958.669 10742.106 9487.357 12554.876
48.000 11695.939 14273.194 8745.284 13410.107
49.000 10323.946 10007.604 10185.723 12929.181
50.000 11110.743 13423.401 9662.194 13471.956
51.000 10011.709 12758.415 8352.694 12368.625
52.000 10878.001 13517.895 8713.160 12789.468
53.000 9799.137 12438.486 9649.681 12295.703
54.000 10370.893 12988.846 8517.279 12797.969
55.000 9518.747 9879.444 8112.284 12761.905
56.000 10377.016 13059.226 8399.419 12495.366
57.000 9171.929 11819.729 8060.929 11716.372
58.000 9742.303 12347.550 9458.366 11970.983
59.000 8846.537 11518.738 7747.268 11534.615
60.000 9504.996 12277.395 8017.075 12286.575
61.000 8474.401 8868.373 8900.410 11712.782
62.000 8763.212 11745.425 7603.115 11819.822
63.000 7752.974 10579.304 7063.111 11086.419
64.000 6845.045 7854.312 5782.747 13006.953
65.000 7533.393 10495.891 6954.650 11521.639
66.000 8373.111 11213.146 7312.543 12111.084
67.000 7852.671 10486.941 7168.338 12058.642
68.000 8477.954 9965.659 6467.919 11593.184
69.000 7564.627 10246.969 6468.731 11174.237
70.000 7838.483 10732.642 6963.185 11612.480
71.000 7390.288 10028.647 6293.222 11884.832
72.000 8104.304 10913.019 6773.651 11870.986
73.000 7115.627 9799.804 7047.209 10840.727
74.000 7513.390 10305.712 6791.003 11351.431
75.000 6849.791 9593.855 6517.141 10619.088
76.000 7636.634 9313.791 6771.266 10844.097
77.000 6646.464 9394.776 5914.003 10454.700
78.000 7036.453 9824.768 6596.940 10607.909
79.000 6517.250 9181.086 6149.154 10187.494
80.000 7022.760 9745.027 5924.130 11268.226
81.000 6193.018 7131.882 5765.729 10607.676
82.000 6814.792 7576.318 6554.880 11048.996
83.000 6192.167 8817.230 5660.199 10907.005
84.000 6916.523 9352.195 5547.794 10809.640
85.000 6052.863 7137.792 5627.335 10578.252
86.000 6282.700 9095.046 6415.356 10618.386
87.000 5965.584 8470.116 5488.891 10169.930
88.000 6642.394 9350.263 6515.616 10516.992
89.000 5733.366 8012.545 5435.691 10179.384
90.000 6105.523 8687.794 5571.773 10466.576
91.000 5491.847 7553.425 5166.254 10499.885
92.000 6297.702 8903.768 5655.295 10489.358
93.000 5482.422 7949.161 5338.300 10126.469
94.000 5856.005 8049.333 5731.193 10300.256
95.000 5331.379 7778.355 5695.581 9951.954
96.000 4950.869 6118.213 5107.207 10322.397
97.000 5134.566 7385.124 5207.152 10028.547
98.000 5548.944 8107.655 5290.756 10511.378
99.000 5052.324 7231.364 5021.749 10151.805
100.000 5676.708 8319.032 5519.933 10465.840
101.000 4992.413 7443.592 4516.537 10042.564
102.000 5361.523 7800.493 5550.391 10095.134
103.000 4967.781 7364.211 4931.357 9645.805
104.000 5640.734 8206.436 5391.354 10073.236
105.000 4696.943 5592.041 4223.016 9691.945
106.000 5202.558 7687.738 5190.098 10074.787
107.000 4785.542 6610.674 4817.001 9372.526
108.000 5251.623 7813.439 5260.174 9861.906
109.000 4546.474 6626.865 4807.066 9294.600
110.000 5003.512 7136.311 5056.350 9574.758
111.000 4575.253 5633.931 4709.908 9059.151
112.000 5108.649 7216.305 5031.997 10006.389
113.000 4475.608 5323.809 4384.294 9787.454
114.000 4836.985 7226.164 5009.987 10170.586
115.000 4455.906 6726.365 4610.569 9493.754
116.000 4917.095 7341.956 5069.812 10078.989
117.000 4359.186 5311.609 4580.067 9466.426
118.000 4619.868 5711.178 4730.784 9778.129
119.000 4321.884 5290.828 4508.347 9642.506
120.000 4785.010 7263.744 4946.553 9972.708
121.000 4291.652 5237.302 4504.559 9124.915
122.000 4515.170 6637.724 4825.528 9674.137
123.000 4120.617 5175.129 4423.011 9340.444
124.000 4528.980 6624.750 4805.245 9506.778
125.000 4101.304 5039.786 4473.266 8896.941
126.000 4327.608 5442.654 4549.085 9199.449
127.000 4035.369 4948.343 4040.643 9336.591
128.000 3485.003 4224.127 4088.521 9773.556
129.000 3988.505 4753.753 3991.258 9235.540
130.000 4220.618 4694.846 4497.718 9539.316
131.000 3941.050 4841.785 3206.870 9186.388
132.000 4222.014 5298.403 4675.591 9439.053
133.000 3773.317 4566.424 4222.354 8664.510
134.000 4110.730 4450.055 4370.265 9245.277
135.000 3846.894 4512.091 4155.979 8855.813
136.000 4190.449 5393.916 4605.321 9267.785
137.000 3776.200 4695.524 4245.660 8755.729
138.000 3936.130 4594.066 4289.055 9076.263
139.000 3695.851 4351.110 4083.684 8686.300
140.000 4091.565 4688.001 4363.560 8910.083
141.000 3577.849 4189.407 4109.512 8591.881
142.000 3809.924 4502.935 4180.986 8862.291
143.000 3602.390 4137.064 3973.327 8549.040
144.000 4012.995 4711.290 4177.384 9335.247
145.000 3253.970 3927.292 3665.394 8809.796
146.000 3751.600 4420.934 4246.175 9044.517
147.000 3503.220 4046.655 3917.567 8710.797
148.000 3846.215 4510.074 4335.910 9136.819
149.000 3390.217 4004.431 3900.354 8730.926
150.000 3680.785 4323.517 4092.829 8926.277
151.000 3309.183 3941.858 3632.706 8646.770
152.000 3781.756 4489.270 4236.701 8930.499
153.000 3339.865 3864.457 3861.663 8508.074
154.000 3505.496 4196.531 3819.990 8806.008
155.000 3257.533 3859.255 3772.052 8372.974
156.000 3608.518 4331.371 4097.860 8701.065
157.000 3262.321 3814.796 3811.002 8332.789
158.000 3471.666 4136.208 3839.167 8256.901
159.000 3213.217 3796.815 3770.772 8227.327
160.000 3038.794 3783.590 3630.540 8741.134
161.000 3126.470 3756.723 3703.596 8357.512
162.000 3326.906 4061.421 3809.020 8666.726
163.000 3073.017 3711.816 3620.456 8168.866
164.000 3403.277 4149.143 3980.525 8493.487
165.000 3036.101 3646.782 3694.594 8109.526
166.000 3282.372 4004.184 3789.915 8493.697
167.000 3016.900 3702.000 3575.141 7965.278
168.000 3440.453 4143.665 3988.805 8517.134
169.000 3002.453 3610.595 3617.000 8043.880
170.000 3176.213 3907.934 3718.310 8339.236
171.000 2974.587 3639.967 3541.816 7894.823
172.000 3205.896 4025.241 3775.011 8210.456
173.000 2947.973 3597.375 3616.126 7921.988
174.000 3104.119 3877.392 3709.312 8163.133
175.000 2883.252 3539.606 3438.743 7757.767
176.000 3221.709 4022.217 3683.118 8533.812
177.000 2838.849 3508.264 3422.234 8037.362
178.000 3052.052 3786.920 3500.277 8137.995
179.000 2870.291 3465.899 3346.515 7681.329
180.000 3163.073 3885.927 3752.937 8294.689
181.000 2787.494 3472.281 3442.662 7910.986
182.000 3012.565 3621.842 3538.148 8178.670
183.000 2775.412 3455.519 3323.737 7774.995
184.000 3114.928 3885.779 3702.311 8157.703
185.000 2764.649 3434.355 3368.903 7582.839
186.000 2913.840 3628.905 3497.145 8082.450
187.000 2719.775 3391.209 3291.686 7656.807
188.000 2982.575 3730.042 3616.030 7838.107
189.000 2684.571 3346.293 3291.099 7543.460
190.000 2860.399 3547.629 3438.781 7760.574
191.000 2624.308 3333.344 3202.902 7507.260
192.000 2302.623 2925.474 2925.016 8002.876
193.000 2587.217 3273.982 3195.863 7600.091
194.000 2775.884 3443.438 3397.425 7839.069
195.000 2522.477 3184.600 3122.229 7455.418
196.000 2890.131 3618.596 3531.098 7824.752
197.000 2573.725 3073.674 3186.319 7451.133
198.000 2751.446 3408.329 3339.663 7721.529
199.000 2496.026 3135.754 3031.736 7460.429
200.000 2869.557 3547.405 3442.544 7747.069
201.000 2483.207 3044.319 3102.017 7286.624
202.000 2675.622 3173.091 3241.229 7457.618
203.000 2494.335 3056.470 3077.244 7157.924
204.000 2770.346 3282.609 3349.136 7405.330
205.000 2412.761 2942.030 2971.471 7210.229
206.000 2597.653 3147.810 3045.704 7355.108
207.000 2427.107 2931.936 3167.254 7159.323
208.000 2810.218 3526.207 3281.194 7678.092
209.000 2376.725 3000.766 3016.169 7197.165
210.000 2573.988 3163.174 3151.916 7483.382
211.000 2385.834 2974.027 2987.001 7116.461
212.000 2676.339 3093.777 3193.835 7468.184
213.000 2357.071 2770.851 2855.562 7150.387
214.000 2534.815 2973.515 3051.051 7490.910
215.000 2349.926 2921.332 2917.807 7018.964
216.000 2648.263 3261.170 3196.546 6978.067
217.000 2270.729 2708.721 2674.570 6779.930
218.000 2482.886 2942.360 3008.224 7139.122
219.000 2207.800 2716.224 2845.294 6918.406
220.000 2488.424 3035.860 3076.006 7153.385
221.000 2229.970 2779.311 2833.195 6873.102
222.000 2402.731 3005.680 2996.204 6989.508
223.000 2278.527 2760.517 2808.472 6356.596
224.000 2086.819 2692.359 2819.682 7311.964
225.000 2244.944 2695.656 2833.983 6744.763
226.000 2318.306 2787.278 2579.157 7147.706
227.000 2132.071 2486.633 2685.914 6695.174
228.000 2486.194 2952.962 3081.087 6781.681
229.000 2175.056 2558.836 2758.115 6601.721
230.000 2192.442 2654.750 2763.807 6650.927
231.000 2165.310 2598.625 2745.036 6556.031
232.000 2431.269 2935.767 2956.254 7062.119
233.000 2057.316 2472.627 2579.479 6443.898
234.000 2237.936 2810.415 2766.797 6598.683
235.000 2107.909 2595.701 2691.377 6514.080
236.000 2387.602 2736.186 2889.961 6916.933
237.000 2119.773 2491.454 2625.131 6201.691
238.000 2201.909 2615.672 2746.015 6490.974
239.000 2099.566 2461.902 2610.167 6123.962
240.000 2346.305 2748.202 2762.575 7019.156
241.000 1747.697 2267.135 2304.386 6358.826
242.000 1999.046 2378.914 2503.242 6250.421
243.000 1991.927 2342.089 2447.483 6142.161
244.000 2058.697 2481.621 2636.953 6308.873
245.000 2032.919 2373.645 2527.107 6101.993
246.000 2107.609 2544.121 2604.411 6687.017
247.000 1819.652 2057.018 2247.514 6071.676
248.000 2319.663 2708.024 2763.467 6323.954
249.000 1787.566 2159.210 2169.802 6042.225
250.000 2056.320 2471.752 2461.897 6533.233
251.000 1955.968 2251.697 2388.915 6009.179
252.000 2104.553 2677.334 2614.642 6186.846
253.000 1980.359 2397.427 2451.593 5798.333
254.000 1984.206 2468.612 2403.468 6383.242
255.000 1694.276 1844.847 2041.899 5981.799
256.000 1623.522 2137.493 2131.668 6026.971
257.000 1660.301 1812.306 2007.243 5734.686
258.000 1903.583 2025.144 2173.080 5952.521
259.000 1857.517 2233.677 2356.921 5498.874
260.000 1792.264 2261.274 2306.935 6208.336
261.000 1875.677 2191.211 2210.625 5769.696
262.000 1900.396 2480.497 2408.882 6082.855
263.000 1805.689 2175.899 2210.307 5740.089
264.000 2017.589 2588.408 2375.625 5990.371
265.000 1798.643 2125.015 2126.361 5402.152
266.000 1937.695 2445.052 2267.549 5781.684
267.000 1649.690 2119.885 2044.796 5478.149
268.000 2052.371 2607.797 2430.806 5842.301
269.000 1814.358 2219.965 2080.789 5635.523
270.000 1816.199 2297.734 2126.180 5574.506
271.000 1800.943 2045.072 2023.348 5440.817
272.000 2029.330 2443.666 2171.737 5788.974
273.000 1721.913 2075.866 1880.510 5505.730
274.000 1810.443 2328.239 1996.493 5667.810
275.000 1661.881 1895.280 1809.873 5579.119
276.000 1758.370 2205.428 2007.286 5582.327
277.000 1526.377 2084.742 1737.188 5166.120
278.000 1852.443 2347.878 1932.946 5193.396
279.000 1515.899 1977.344 1761.137 5189.227
280.000 1948.669 2345.111 2119.361 5266.148
281.000 1697.352 2110.372 1716.807 5181.714
282.000 1616.931 1824.364 1695.323 5251.579
283.000 1618.267 1972.267 1678.441 4916.175
284.000 1660.292 1964.723 1841.894 5365.905
285.000 1670.055 1795.877 1541.516 4917.912
286.000 1633.790 1845.490 1791.459 5250.555
287.000 1439.121 1671.097 1495.552 5045.987
288.000 1409.657 1700.912 1613.771 5323.354
289.000 1178.366 1631.719 1544.243 4855.556
290.000 1506.076 1731.482 1240.606 5217.965
291.000 1582.055 1749.870 1442.236 4932.466
292.000 1497.990 1874.207 1825.650 5062.238
293.000 1372.489 1682.336 1541.035 5035.182
294.000 1421.711 1813.590 1550.904 4871.621
295.000 1403.813 1640.634 1368.409 5057.901
296.000 1758.689 2203.489 1775.999 4952.207
297.000 1389.510 1623.688 1392.882 4732.295
298.000 1596.943 1893.172 1438.293 4861.467
299.000 1526.530 1733.042 1311.805 4800.031
300.000 1630.876 2074.056 1640.521 4988.637
301.000 1236.443 1518.740 1249.252 4858.448
302.000 1137.991 1463.746 1489.995 2356.027
303.000 1292.583 1706.306 1235.935 4663.002
304.000 1606.107 2031.502 1583.855 4921.527
305.000 1389.712 1711.316 1196.785 4778.427
306.000 1337.205 1550.957 1191.200 5033.302
307.000 1110.383 1471.061 1102.259 4746.444
308.000 1590.667 2050.787 1403.756 4719.132
309.000 1230.289 1516.386 926.834 4785.596
310.000 1331.453 1521.225 1091.655 4479.038
311.000 1302.544 1571.335 1047.711 4447.080
312.000 1567.804 1720.286 1481.458 4668.466
313.000 1266.433 1398.239 1014.717 4458.737
314.000 1236.445 1552.950 1028.000 4550.081
315.000 1004.039 1337.113 963.414 4511.309
316.000 1460.726 1733.949 1149.267 4427.870
317.000 1219.243 1408.446 972.113 4508.778
318.000 969.094 1451.594 1031.531 4483.803
319.000 1253.697 1377.649 957.023 4477.327
320.000 916.811 1024.995 1131.148 4651.334
321.000 993.381 1293.436 958.678 4639.531
322.000 1206.664 1534.060 961.107 4143.877
323.000 1142.198 1462.389 929.870 3887.316
324.000 1201.785 1640.384 1178.314 4289.588
325.000 1149.205 1393.645 910.615 4238.289
326.000 1200.508 1571.807 918.842 4443.558
327.000 1007.708 1269.977 893.062 4280.346
328.000 1447.873 1787.922 1165.744 4413.641
329.000 962.048 1139.694 852.459 3956.446
330.000 1161.103 1388.008 891.440 4157.636
331.000 774.624 1131.701 998.571 4037.443
332.000 1254.173 1667.493 1018.297 4174.055
333.000 889.769 1101.915 847.889 3716.675
334.000 1159.547 1429.279 869.234 4220.123
335.000 952.597 1293.570 844.469 3989.670
336.000 1397.204 1605.286 1079.848 4378.726
337.000 900.295 1152.033 822.291 4039.653
338.000 1021.731 1299.887 842.480 4232.813
339.000 813.750 1065.429 821.476 3903.508
340.000 1222.516 1507.077 927.265 4151.321
341.000 813.904 1178.970 819.581 4119.762
342.000 939.869 1412.498 826.568 4215.050
343.000 949.420 1100.733 812.520 4075.169
344.000 1364.218 1416.350 853.004 3966.366
345.000 878.750 1115.888 797.915 3853.219
346.000 728.706 1164.679 809.095 4153.298
347.000 996.346 1109.920 789.377 3926.425
348.000 1249.682 1533.920 850.805 3922.244
349.000 975.773 1144.277 785.791 3900.654
350.000 859.275 1253.891 803.592 3669.542
351.000 788.273 1035.811 773.933 3813.965
352.000 1038.980 1516.766 809.943 3821.751
353.000 779.937 1052.144 765.778 3797.317
354.000 997.628 1173.884 761.213 3844.985
355.000 850.311 1155.932 760.373 3594.623
356.000 1137.198 1548.657 803.778 3687.895
357.000 846.281 1075.700 751.590 3659.851
358.000 931.239 1259.302 756.044 3910.563
359.000 817.689 1111.643 741.089 3699.219
360.000 1211.128 1695.524 960.415 3922.169
361.000 607.350 935.090 726.208 3528.940
362.000 1024.775 1311.764 741.329 3772.207
363.000 559.673 898.719 719.020 3689.400
364.000 824.104 1175.880 743.620 3901.710
365.000 622.738 991.350 713.473 3481.004
366.000 804.982 1245.450 661.401 3364.759
367.000 570.539 885.422 700.033 3553.595
368.000 1191.199 1619.891 795.093 3727.173
369.000 560.924 902.944 701.663 3501.225
370.000 757.982 1195.919 699.886 3509.049
371.000 702.739 904.010 694.670 3579.706
372.000 998.758 1270.601 711.265 3716.067
373.000 523.544 869.611 690.686 3262.894
374.000 877.231 1094.292 700.081 3752.564
375.000 508.642 860.519 680.058 3548.595
376.000 1183.236 1621.477 729.262 3704.621
377.000 705.776 919.932 677.710 3463.438
378.000 868.900 1107.159 674.670 3588.212
379.000 533.978 874.103 670.026 3486.967
380.000 1008.539 1315.661 685.077 3556.323
381.000 517.707 878.635 646.145 3478.687
382.000 643.142 981.681 669.692 3295.380
383.000 478.667 754.730 644.901 3506.451
384.000 475.510 737.632 661.479 3593.111
385.000 500.149 814.765 643.159 3331.325
386.000 657.093 999.472 659.106 3357.376
387.000 498.511 826.536 641.858 3323.725
388.000 873.556 1361.490 651.240 3478.675
389.000 607.291 912.293 635.480 3183.943
390.000 659.173 1042.436 639.830 3314.772
391.000 479.495 811.311 627.396 3393.369
392.000 1111.743 1495.146 646.768 3575.144
393.000 573.769 831.068 621.432 3397.232
394.000 528.769 1083.028 624.589 3136.036
395.000 482.400 784.448 618.428 3288.210
396.000 558.335 1307.821 626.075 3097.700
397.000 473.064 780.498 590.987 3122.863
398.000 626.437 1035.745 617.233 3322.573
399.000 489.667 756.878 602.064 3182.301
400.000 1060.310 1455.993 618.183 3400.594
401.000 466.503 768.783 596.822 3184.635
402.000 638.761 1041.526 607.055 2960.993
403.000 502.805 781.858 590.708 3162.794
404.000 534.929 888.899 601.551 3322.992
405.000 395.857 691.505 479.769 3165.573
406.000 656.705 1044.906 594.533 2932.049
407.000 491.305 764.437 583.804 2910.808
408.000 1070.915 1262.528 598.906 3188.462
409.000 418.016 732.670 582.707 3095.695
410.000 695.916 1067.734 580.038 3174.525
411.000 480.672 781.775 574.986 3113.500
412.000 854.526 1044.269 589.509 3125.515
413.000 448.875 773.234 562.409 2787.184
414.000 663.786 957.074 578.174 3133.357
415.000 474.745 767.134 564.784 3089.082
416.000 829.957 723.688 576.191 3122.731
417.000 475.530 753.239 557.932 3011.552
418.000 664.957 1042.618 557.978 3117.143
419.000 471.123 735.170 552.943 2963.960
420.000 777.952 1074.533 557.015 3123.942
421.000 401.940 687.552 543.547 2712.785
422.000 628.951 854.991 556.573 2997.167
423.000 422.706 701.066 541.326 2628.998
424.000 999.121 1445.311 553.514 3064.310
425.000 440.090 700.884 535.854 2632.633
426.000 603.219 945.892 521.641 3013.280
427.000 446.627 700.871 533.419 2896.502
428.000 761.065 1027.338 540.040 3040.993
429.000 382.541 670.946 527.793 2917.265
430.000 602.955 863.969 535.144 3001.180
431.000 377.838 696.300 528.670 2807.693
432.000 973.823 1008.005 540.406 3041.230
433.000 433.352 691.673 518.512 2911.969
434.000 534.427 931.882 516.980 2916.746
435.000 372.299 652.842 513.423 2617.507
436.000 765.578 1013.389 527.839 2932.998
437.000 420.899 683.322 504.853 2819.071
438.000 562.060 933.680 516.054 2882.111
439.000 358.139 635.756 406.633 2805.910
440.000 950.991 1168.676 471.576 2698.188
441.000 356.642 660.959 500.314 2680.585
442.000 580.296 901.528 460.275 2680.011
443.000 410.925 667.050 498.025 2739.770
444.000 459.735 665.243 505.480 2874.474
445.000 350.299 616.720 500.848 2763.683
446.000 567.446 907.760 504.657 2508.765
447.000 389.970 666.848 490.675 2743.838
448.000 680.082 723.388 497.252 2786.446
449.000 387.610 509.779 483.860 2694.496
450.000 484.293 899.232 489.976 2605.003
451.000 381.722 663.304 474.961 2657.823
452.000 689.503 1049.498 490.008 2774.701
453.000 339.300 606.187 477.763 2466.696
454.000 550.428 874.427 485.598 2386.780
455.000 344.159 591.477 435.964 2537.077
456.000 910.594 1293.197 484.023 2792.565
457.000 372.983 559.512 360.987 2643.249
458.000 477.602 780.607 471.913 2677.473
459.000 366.361 596.143 452.556 2578.789
460.000 704.170 1105.106 479.319 2701.591
461.000 368.984 616.505 445.303 2318.126
462.000 535.207 816.561 465.757 2621.999
463.000 360.124 618.878 453.106 2345.685
464.000 871.385 1004.511 468.037 2714.746
465.000 355.871 610.301 416.758 2565.826
466.000 528.176 827.138 447.898 2531.371
467.000 314.117 572.070 438.701 2251.114
468.000 384.898 662.189 455.388 2583.837
469.000 338.998 599.031 416.398 2531.219
470.000 521.819 802.627 440.542 2607.562
471.000 310.154 561.835 421.826 2545.492
472.000 861.102 1224.788 455.907 2599.195
473.000 346.887 585.175 414.585 2497.025
474.000 419.745 694.476 424.056 2515.761
475.000 315.743 568.925 405.375 2465.699
476.000 663.042 951.892 440.105 2574.936
477.000 327.861 586.235 402.557 2457.652
478.000 500.987 753.631 414.350 2384.501
479.000 339.539 585.830 389.389 2159.380
480.000 665.259 1042.210 411.705 2474.225
481.000 298.499 552.647 382.769 2371.744
482.000 459.370 649.483 402.954 2348.042
483.000 332.379 513.231 378.034 2392.667
484.000 656.735 980.922 418.399 2513.266
485.000 331.751 549.012 369.042 2204.578
486.000 484.128 807.205 395.017 2409.208
487.000 289.968 541.919 367.868 2392.502
488.000 806.391 1153.313 424.757 2445.261
489.000 291.571 546.319 362.220 2355.118
490.000 416.578 772.222 377.479 2410.319
491.000 292.340 547.148 354.306 2345.503
492.000 595.191 979.428 383.957 2368.876
493.000 318.122 561.516 355.447 2346.192
494.000 449.837 767.244 288.908 2381.539
495.000 286.762 526.340 349.766 2293.558
496.000 780.034 1113.481 379.570 2474.643
497.000 304.981 546.499 343.727 2302.253
498.000 445.686 760.261 352.608 2333.795
499.000 281.582 434.547 340.149 2296.128
500.000 627.711 901.735 354.871 2348.085
501.000 281.038 522.258 339.598 2264.664
502.000 364.313 746.403 352.915 2169.473
503.000 278.953 561.379 334.569 2254.872
504.000 681.098 1065.973 346.604 2237.010
505.000 279.158 514.245 332.414 2087.503
506.000 437.190 763.014 337.105 2250.224
507.000 272.225 504.241 331.859 2176.761
508.000 579.172 851.089 335.636 2115.226
509.000 273.464 416.221 330.368 2172.006
510.000 412.314 754.988 333.553 2228.917
511.000 286.498 504.813 328.137 1992.575
512.000 247.812 315.344 313.451 2127.515
513.000 271.764 516.616 326.125 2089.447
514.000 363.428 712.748 327.156 2011.496
515.000 270.938 526.202 325.786 2104.087
516.000 559.753 830.857 324.494 2077.159
517.000 275.619 523.705 323.051 1949.659
518.000 422.360 729.052 327.731 2087.088
519.000 274.381 511.907 309.297 2029.476
520.000 660.240 933.999 321.709 2126.630
521.000 277.880 515.771 321.630 2070.185
522.000 419.454 735.394 323.353 2064.866
523.000 270.491 345.068 320.047 2003.044
524.000 563.023 918.865 321.578 2082.707
525.000 267.225 516.772 319.046 1835.277
526.000 414.128 730.700 320.239 1950.811
527.000 262.819 503.256 302.356 2029.637
528.000 621.661 859.707 306.791 2057.282
529.000 261.525 495.346 314.911 2010.167
530.000 397.109 705.481 318.039 2067.098
531.000 256.304 461.325 313.615 1977.849
532.000 508.681 841.996 319.532 1951.710
533.000 247.163 469.288 313.218 2017.400
534.000 382.587 636.455 314.754 1994.453
535.000 236.994 448.473 314.246 1888.331
536.000 534.000 861.450 313.593 2062.245
537.000 242.168 406.115 311.531 1886.188
538.000 384.375 593.420 312.926 1978.659
539.000 250.033 474.012 309.424 1971.717
540.000 474.683 767.314 310.496 1988.534
541.000 247.315 471.967 303.623 1943.002
542.000 371.412 670.286 311.977 1985.480
543.000 251.207 466.221 308.297 1908.348
544.000 456.219 748.148 308.778 1980.335
545.000 228.555 430.567 306.318 1915.136
546.000 332.398 578.422 304.527 1884.334
547.000 242.110 449.966 307.194 1895.103
548.000 395.948 688.133 306.679 1964.606
549.000 241.108 459.533 304.096 1874.206
550.000 375.196 653.537 305.569 1897.308
551.000 238.171 431.105 304.845 1870.950
552.000 483.946 809.760 303.131 1924.646
553.000 206.274 386.996 301.436 1874.359
554.000 379.597 662.928 304.098 1896.204
555.000 240.218 455.485 301.675 1840.555
556.000 378.293 729.290 303.027 1880.977
557.000 210.313 381.823 300.101 1851.876
558.000 348.376 628.767 303.226 1849.183
559.000 235.806 438.971 299.420 1798.891
560.000 340.019 558.608 300.036 1896.956
561.000 242.591 450.087 298.702 1772.708
562.000 361.688 646.101 299.143 1863.417
563.000 227.145 427.357 296.843 1838.420
564.000 361.001 610.885 309.007 1203.324
565.000 163.400 312.046 293.262 1802.945
566.000 362.299 624.406 299.330 1834.718
567.000 237.450 451.780 295.068 1744.404
568.000 442.291 830.969 297.292 1823.906
569.000 232.875 448.383 291.586 1792.668
570.000 253.017 464.312 294.481 1772.817
571.000 237.486 452.363 292.992 1758.509
572.000 446.729 704.328 293.202 1794.005
573.000 236.764 453.561 292.686 1734.603
574.000 364.843 648.131 292.942 1777.147
575.000 174.216 332.057 274.398 1758.883
576.000 460.720 744.955 291.902 1758.152
577.000 234.069 434.209 288.681 1713.567
578.000 334.017 625.856 291.923 1759.171
579.000 232.613 438.308 289.454 1695.768
580.000 222.223 382.856 293.023 1742.126
581.000 217.501 417.101 282.865 1706.519
582.000 335.764 568.791 288.894 1664.581
583.000 232.014 441.845 288.063 1676.171
584.000 542.881 936.911 286.909 1745.344
585.000 175.336 275.724 278.006 1653.383
586.000 361.336 631.443 285.514 1709.745
587.000 222.349 417.629 286.042 1675.643
588.000 469.803 768.093 286.493 1646.287
589.000 226.619 415.858 284.233 1650.986
590.000 303.259 591.644 285.684 1663.326
591.000 228.626 372.821 281.907 1642.500
592.000 539.574 886.946 283.289 1687.008
593.000 187.466 357.164 282.217 1669.730
594.000 245.066 458.413 282.986 1619.259
595.000 227.222 421.688 282.825 1655.938
596.000 266.079 453.179 282.309 1643.332
597.000 219.785 412.228 261.499 1583.032
598.000 345.110 605.911 280.976 1645.995
599.000 217.527 407.495 278.792 1627.917
600.000 485.093 741.252 280.292 1589.288
601.000 186.261 351.006 279.407 1595.752
602.000 336.026 600.665 278.755 1593.551
603.000 209.882 370.091 278.036 1547.183
604.000 231.243 363.038 285.770 1571.873
605.000 198.301 375.564 274.334 1608.322
606.000 338.513 596.531 277.095 1551.445
607.000 164.236 300.134 274.743 1582.847
608.000 410.048 691.143 263.247 1340.430
609.000 215.116 407.427 274.222 1550.031
610.000 330.212 591.830 273.922 1558.335
611.000 209.192 396.147 271.857 1594.518
612.000 405.353 649.381 274.751 1533.255
613.000 213.748 406.892 269.269 1532.905
614.000 321.384 569.178 275.536 1538.433
615.000 208.123 367.972 271.872 1520.631
616.000 452.197 725.078 271.837 1535.905
617.000 209.849 394.807 271.822 1550.904
618.000 245.992 441.645 270.476 1487.975
619.000 203.864 385.774 270.836 1527.202
620.000 415.455 705.682 271.768 1518.432
621.000 204.592 383.224 269.305 1491.669
622.000 344.918 607.595 270.792 1508.802
623.000 213.522 405.927 268.640 1528.889
624.000 225.551 390.262 277.334 1514.076
625.000 202.527 378.955 189.280 1533.888
626.000 304.433 558.940 258.474 1508.252
627.000 192.061 359.871 266.682 1489.013
628.000 384.427 641.083 268.695 1493.063
629.000 211.749 406.281 265.700 1513.092
630.000 204.446 379.079 263.290 1442.131
631.000 202.568 379.203 265.377 1502.840
632.000 466.585 790.990 265.852 1510.601
633.000 200.654 375.904 263.305 1108.926
634.000 329.158 576.937 265.605 1458.710
635.000 209.606 369.295 262.760 1490.937
636.000 255.833 442.347 266.894 1460.412
637.000 206.409 270.722 263.457 1458.589
638.000 320.273 571.082 263.589 1481.627
639.000 208.040 342.863 278.954 1426.270
640.000 368.076 622.504 267.086 1433.949
641.000 204.283 389.300 288.522 1482.434
642.000 280.244 476.182 261.135 1433.463
643.000 203.227 383.568 260.075 1464.270
644.000 403.780 666.611 261.128 1452.133
645.000 208.757 362.834 259.617 1406.592
646.000 343.141 591.913 260.193 1431.912
647.000 202.954 382.702 258.750 1422.444
648.000 313.028 651.361 258.426 1424.790
649.000 132.563 254.567 260.128 1406.517
650.000 324.604 558.980 258.258 1427.918
651.000 191.211 360.393 257.744 1387.452
652.000 265.917 376.996 260.848 1433.965
653.000 203.544 393.815 251.794 1423.274
654.000 328.844 592.805 256.534 1392.591
655.000 184.452 332.626 255.507 1420.620
656.000 516.803 834.593 256.152 1447.404
657.000 199.586 383.543 256.367 1382.103
658.000 275.309 559.051 254.033 1387.173
659.000 200.503 378.046 253.530 1403.824
660.000 423.616 700.330 242.245 1388.591
661.000 194.808 369.197 253.786 1390.511
662.000 159.702 286.289 250.195 1411.830
663.000 197.603 371.435 293.202 1370.523
664.000 447.849 733.209 252.400 1405.477
665.000 196.448 373.526 252.355 1389.078
666.000 307.076 528.886 250.826 1355.691
667.000 196.202 371.040 251.272 1378.649
668.000 314.421 624.419 251.561 1378.598
669.000 156.796 296.993 251.033 1347.596
670.000 314.396 558.545 251.845 1366.412
671.000 191.020 361.844 250.150 1364.620
672.000 291.733 480.248 247.659 1358.137
673.000 194.403 367.783 248.896 1350.738
674.000 305.780 527.183 247.527 1362.818
675.000 192.890 363.040 244.682 1321.665
676.000 265.971 436.511 248.928 1363.116
677.000 183.958 347.595 242.080 1335.128
678.000 259.867 494.139 247.835 1329.981
679.000 167.032 294.462 246.878 1340.870
680.000 429.238 689.346 220.994 1362.630
681.000 190.900 344.257 246.047 1323.243
682.000 316.256 533.885 226.982 1314.924
683.000 160.493 302.227 242.756 1343.600
684.000 393.213 647.925 246.028 1325.062
685.000 187.488 351.757 234.254 1327.787
686.000 264.286 480.004 244.602 1335.357
687.000 181.448 340.819 243.156 1292.838
688.000 428.913 723.049 245.390 1331.337
689.000 180.154 339.649 244.400 1327.587
690.000 177.201 315.986 247.427 1305.509
691.000 187.196 355.340 242.966 1293.969
692.000 362.892 615.812 242.846 1334.939
693.000 188.112 353.013 242.593 1288.498
694.000 289.508 510.839 299.708 1300.786
695.000 187.360 356.043 240.632 1325.985
696.000 353.485 594.210 242.474 1305.114
697.000 131.963 253.222 237.970 1294.872
698.000 271.895 490.570 240.430 1313.966
699.000 187.595 360.771 239.644 1285.630
700.000 387.673 634.462 241.928 1288.365
701.000 164.932 218.237 239.448 1304.028
702.000 306.943 548.647 219.969 1281.335
703.000 184.898 347.923 239.599 1293.472
704.000 352.777 607.828 241.593 1304.026
705.000 161.881 304.909 241.581 1263.574
706.000 284.135 507.302 237.857 1276.102
707.000 186.190 351.102 238.072 1282.231
708.000 342.287 583.837 270.882 1277.207
709.000 184.959 349.619 256.924 1271.715
710.000 301.012 534.308 236.245 1288.180
711.000 186.261 353.532 233.860 1252.912
712.000 232.596 402.411 237.636 1281.064
713.000 181.200 350.760 236.351 1276.591
714.000 284.854 518.190 234.130 1247.779
715.000 180.567 341.880 235.275 1244.562
716.000 275.395 480.298 234.049 1273.052
717.000 169.024 318.576 236.035 1243.358
718.000 296.715 359.819 235.384 1255.410
719.000 178.764 338.871 232.573 1265.647
720.000 186.096 324.716 245.933 1248.464
721.000 183.951 345.572 232.691 1249.275
722.000 290.471 507.484 233.430 1259.183
723.000 184.825 350.087 231.793 1238.941
724.000 257.046 434.980 231.850 1251.460
725.000 173.378 330.118 232.129 1249.445
726.000 307.372 527.277 231.168 1238.483
727.000 176.821 330.545 239.395 1239.067
728.000 178.946 304.509 236.242 1266.856
729.000 176.847 326.892 229.729 1214.698
730.000 271.293 484.629 215.197 1208.625
731.000 178.401 337.692 230.127 1240.177
732.000 252.922 475.893 230.231 1215.064
733.000 173.084 306.284 227.345 1222.623
734.000 288.871 506.722 228.239 1234.922
735.000 180.118 343.379 228.784 1200.119
736.000 224.729 376.175 237.190 1228.001
737.000 170.236 311.359 226.693 1232.346
738.000 235.202 423.612 226.411 1204.264
739.000 178.476 335.455 225.943 1214.169
740.000 272.223 564.030 226.889 1234.288
741.000 174.360 321.559 226.948 1195.106
742.000 290.001 512.155 228.151 1197.521
743.000 166.852 319.603 181.004 1204.519
744.000 313.527 666.022 227.481 1200.632
745.000 129.319 250.510 225.520 1190.133
746.000 262.995 477.484 224.534 1207.512
747.000 174.932 329.737 218.480 1204.870
748.000 347.567 583.637 225.189 1197.574
749.000 156.070 286.755 224.517 1208.208
750.000 274.111 494.623 223.227 1179.321
751.000 173.791 329.368 224.017 1186.498
752.000 331.401 580.852 284.060 1208.402
753.000 129.280 248.610 226.739 1172.022
754.000 288.601 508.976 213.043 1190.387
755.000 162.832 310.244 222.813 1176.783
756.000 348.100 589.841 231.023 1167.931
757.000 165.598 315.642 222.724 1181.668
758.000 248.648 496.820 221.612 1187.869
759.000 172.751 329.117 222.061 1158.435
760.000 344.723 588.475 226.959 1176.589
761.000 157.161 301.295 219.196 1171.095
762.000 133.448 258.806 219.854 1163.065
763.000 154.624 254.938 218.605 1164.135
764.000 316.261 508.669 213.174 1170.765
765.000 175.587 332.877 218.315 1145.122
766.000 261.163 468.416 218.463 1160.424
767.000 168.671 321.135 218.120 1167.134
768.000 258.386 401.067 228.182 1162.680
769.000 170.035 310.529 217.121 1147.205
770.000 224.606 402.257 217.746 1159.309
771.000 76.918 140.051 205.812 1138.495
772.000 258.262 411.625 217.751 1162.923
773.000 167.825 318.973 217.797 1148.281
774.000 289.707 505.104 218.026 817.577
775.000 166.813 207.658 215.350 1053.909
776.000 356.092 609.829 216.640 1145.573
777.000 172.354 328.854 216.370 1137.919
778.000 259.907 462.470 215.808 1140.891
779.000 160.500 302.901 213.786 1148.122
780.000 164.760 292.317 215.172 1138.005
781.000 170.468 324.943 215.880 1036.861
782.000 248.839 447.351 214.888 1144.338
783.000 164.905 314.765 213.917 1130.882
784.000 365.551 625.096 216.930 1136.240
785.000 153.264 294.702 214.767 1130.377
786.000 271.397 191.643 214.090 1105.104
787.000 167.621 307.505 210.003 1117.051
788.000 369.930 386.235 214.079 1121.253
789.000 153.038 286.267 208.426 1117.801
790.000 194.173 344.520 222.474 1128.226
791.000 162.068 269.720 212.595 1126.751
792.000 204.961 358.083 183.355 1111.062
793.000 166.762 317.605 212.888 1115.085
794.000 262.682 474.045 212.207 1113.479
795.000 162.870 309.584 209.954 1116.237
796.000 319.506 529.480 232.910 1098.371
797.000 162.385 307.931 210.493 1127.982
798.000 215.120 399.878 210.037 1111.913
799.000 105.731 212.980 220.098 1102.773
800.000 331.412 561.779 210.034 1097.516
801.000 159.464 301.680 198.524 1094.710
802.000 231.754 417.773 209.268 1094.799
803.000 161.629 305.953 191.377 1114.128
804.000 238.673 409.626 209.440 1082.252
805.000 161.456 297.858 207.615 1110.934
806.000 267.250 479.854 238.464 1100.698
807.000 157.605 303.890 208.219 1098.307
808.000 248.409 436.179 209.580 1097.841
809.000 78.646 113.582 213.691 1076.472
810.000 233.860 425.548 207.343 1070.347
811.000 159.435 295.910 193.103 1101.701
812.000 293.628 501.544 207.798 1051.853
813.000 162.278 269.576 206.543 1086.817
814.000 210.619 384.178 206.555 1088.004
815.000 159.034 301.996 206.681 1100.565
816.000 382.844 645.263 207.902 972.177
817.000 158.059 301.987 205.952 1086.716
818.000 208.195 387.127 205.387 1071.246
819.000 98.584 189.314 206.448 1073.420
820.000 332.078 582.638 205.664 1073.461
821.000 152.683 293.124 207.418 1086.048
822.000 241.484 433.432 203.604 1056.969
823.000 161.219 303.337 203.799 1079.799
824.000 336.580 561.172 233.016 1072.053
825.000 158.301 298.107 203.833 1065.423
826.000 225.686 409.057 203.468 1059.984
827.000 145.612 266.247 203.662 1075.286
828.000 311.082 538.040 202.469 1053.978
829.000 146.956 273.648 202.864 1069.845
830.000 173.700 321.760 213.532 1065.562
831.000 153.758 292.241 217.666 1074.976
832.000 287.120 510.720 203.434 1048.924
833.000 147.691 283.824 200.805 1067.842
834.000 246.730 448.693 200.927 1040.896
835.000 149.654 285.147 200.726 1063.383
836.000 326.447 578.325 201.287 1041.226
837.000 158.930 305.021 201.690 1053.840
838.000 236.085 425.032 199.594 1035.879
839.000 141.407 271.394 191.970 1036.483
840.000 151.062 264.002 209.059 1041.175
841.000 158.043 298.270 198.976 1051.542
842.000 202.290 371.927 199.819 1033.667
843.000 144.727 278.346 199.563 1047.750
844.000 289.702 491.629 229.129 1021.115
845.000 153.185 291.811 198.466 1037.038
846.000 239.909 465.052 198.691 1021.338
847.000 156.122 296.050 197.745 1044.625
848.000 317.816 552.842 218.133 1031.688
849.000 149.625 287.005 197.496 1027.527
850.000 194.911 356.377 196.894 1006.934
851.000 75.747 150.498 203.503 1039.475
852.000 345.662 587.682 228.790 1017.207
853.000 137.202 266.034 197.256 1043.075
854.000 205.505 381.331 231.038 1033.191
855.000 149.732 277.703 195.670 1038.654
856.000 315.148 522.478 216.788 1018.354
857.000 153.030 293.944 200.884 1057.948
858.000 259.624 452.081 195.796 1005.847
859.000 155.310 263.347 195.362 1038.683
860.000 287.823 470.144 217.536 1015.299
861.000 138.030 265.015 199.321 1027.320
862.000 148.880 280.552 221.529 1007.033
863.000 135.020 258.675 195.505 1033.988
864.000 305.299 518.681 209.352 999.011
865.000 151.164 287.189 192.834 1021.577
866.000 201.210 370.476 193.886 1009.675
867.000 152.460 273.594 195.031 1012.482
868.000 255.788 431.176 196.203 998.950
869.000 150.574 290.872 193.722 1028.394
870.000 176.940 323.569 192.324 986.410
871.000 142.773 274.382 181.167 1018.663
872.000 322.068 540.923 259.427 930.620
873.000 150.554 288.923 207.240 1013.588
874.000 132.839 247.845 204.657 996.397
875.000 130.973 251.557 191.653 1013.841
876.000 251.263 444.881 245.711 987.887
877.000 142.415 274.687 191.500 1007.121
878.000 244.557 441.739 191.006 1000.778
879.000 146.885 215.185 190.969 1017.370
880.000 307.607 531.059 192.251 983.127
881.000 146.547 278.785 207.581 1004.256
882.000 236.170 428.026 189.550 983.764
883.000 148.269 283.189 190.193 1003.713
884.000 272.549 465.976 201.773 963.944
885.000 125.765 244.913 195.491 986.866
886.000 156.045 271.996 216.802 987.372
887.000 134.767 256.772 194.868 998.974
888.000 256.845 444.480 189.642 978.216
889.000 147.962 283.569 188.311 999.009
890.000 222.101 402.132 188.887 975.063
891.000 146.416 281.638 188.532 994.186
892.000 270.880 473.915 275.144 974.336
893.000 145.664 276.967 188.281 1001.785
894.000 224.997 412.292 221.317 968.311
895.000 147.492 281.527 174.730 997.716
896.000 251.364 451.256 185.495 974.938
897.000 133.538 264.674 186.750 989.781
898.000 138.291 247.014 204.684 969.091
899.000 127.266 244.028 202.642 974.785
900.000 244.070 424.604 186.183 953.956
901.000 142.673 274.169 186.165 978.736
902.000 190.790 338.705 185.128 963.532
903.000 148.095 282.087 202.643 984.952
904.000 266.501 462.192 238.618 965.511
905.000 145.837 178.775 185.038 964.385
906.000 153.912 244.325 184.440 964.913
907.000 139.517 261.413 185.592 983.276
908.000 241.714 418.319 184.579 960.096
909.000 125.274 241.318 184.653 984.790
910.000 127.308 240.903 195.280 953.390
911.000 127.661 246.621 183.708 985.021
912.000 340.895 619.491 232.592 944.509
913.000 147.085 282.058 198.489 956.916
914.000 224.289 407.959 183.800 953.800
915.000 133.765 257.624 183.526 955.577
916.000 298.627 500.896 186.831 945.268
917.000 141.328 274.504 180.764 966.629
918.000 226.376 415.143 186.074 940.056
919.000 142.529 277.187 174.797 966.534
920.000 294.455 481.456 182.094 950.819
921.000 138.378 266.076 181.549 964.223
922.000 205.991 379.526 183.532 940.765
923.000 63.962 107.634 181.540 949.013
924.000 280.084 490.080 251.156 932.219
925.000 141.890 272.902 181.418 963.823
926.000 231.538 423.934 181.390 921.898
927.000 137.271 264.367 186.224 958.766
928.000 265.167 448.894 195.455 944.646
929.000 141.655 278.260 178.268 953.413
930.000 226.070 414.538 180.063 913.989
931.000 135.720 261.262 178.548 951.132
932.000 231.591 411.471 179.967 917.270
933.000 137.681 264.156 179.840 951.016
934.000 197.227 356.185 187.042 928.195
935.000 118.380 227.166 179.636 945.459
936.000 130.390 232.495 185.527 924.763
937.000 120.459 229.472 175.520 958.074
938.000 222.589 394.851 178.066 927.870
939.000 136.693 262.760 177.941 939.429
940.000 275.421 471.481 180.032 930.723
941.000 138.375 264.790 177.579 947.632
942.000 206.105 375.272 177.774 929.759
943.000 138.634 267.239 178.302 946.018
944.000 298.559 523.607 237.033 908.984
945.000 133.185 263.901 177.475 937.503
946.000 223.382 410.847 177.227 910.611
947.000 125.892 243.562 189.364 928.509
948.000 271.120 467.081 176.530 917.303
949.000 118.104 228.700 169.422 941.433
950.000 120.706 226.226 187.891 908.606
951.000 117.715 223.374 177.023 930.648
952.000 238.215 422.394 184.066 932.863
953.000 133.409 255.790 175.798 924.618
954.000 209.362 377.674 175.084 908.439
955.000 134.540 259.533 191.241 945.089
956.000 267.392 465.737 175.260 912.147
957.000 136.509 252.776 175.513 936.775
958.000 218.422 348.516 175.359 921.367
959.000 116.635 226.285 175.504 920.976
960.000 246.879 420.414 180.672 906.201
961.000 125.854 246.317 180.191 922.662
962.000 203.469 369.143 198.420 887.770
963.000 114.119 216.283 177.998 852.092
964.000 127.401 184.048 181.577 905.253
965.000 118.721 224.535 173.087 913.378
966.000 189.216 347.283 172.465 899.707
967.000 130.040 250.464 172.988 926.308
968.000 260.186 452.059 172.475 903.818
969.000 133.044 254.585 172.646 923.053
970.000 212.399 202.535 172.229 899.853
971.000 132.865 256.184 168.428 910.147
972.000 246.827 436.406 167.297 889.228
973.000 134.507 259.463 173.291 919.973
974.000 179.189 156.913 196.159 893.727
975.000 133.720 257.915 191.349 907.628
976.000 253.845 439.890 214.725 891.511
977.000 113.153 221.604 180.486 892.074
978.000 112.631 210.690 177.476 887.651
979.000 113.550 217.665 173.227 904.946
980.000 254.249 454.004 243.186 876.125
981.000 127.179 244.571 173.896 905.016
982.000 223.100 403.266 265.845 894.388
983.000 102.379 147.873 163.343 895.086
984.000 161.131 283.978 170.715 880.687
985.000 135.129 261.518 174.178 904.837
986.000 220.064 404.103 228.711 874.388
987.000 102.804 140.475 176.251 896.861
988.000 148.713 260.856 170.688 880.411
989.000 133.942 259.580 170.500 891.455
990.000 151.207 248.882 168.225 878.952
991.000 133.558 259.897 144.305 897.018
992.000 269.070 477.060 206.007 876.600
993.000 58.366 100.756 163.342 871.876
994.000 216.848 385.655 167.494 873.407
995.000 131.437 250.547 194.981 892.148
996.000 153.964 185.517 167.085 873.165
997.000 129.811 249.154 168.098 888.932
998.000 132.551 248.360 167.188 872.815
999.000 106.032 205.002 163.445 889.395
