2.000 30269795.529 6174943.094
3.000 17189721.635 4182148.441
4.000 10711264.149 3105432.969
5.000 8565417.530 2632594.557
6.000 5113579.100 1672040.825
7.000 3770612.142 1429836.220
8.000 3616159.823 1451809.197
9.000 2587676.666 1264065.815
10.000 1766855.610 913492.250
11.000 2033195.819 1023154.542
12.000 1744554.356 969075.041
13.000 1458519.358 874691.874
14.000 1383743.695 823293.300
15.000 1060606.195 649244.013
16.000 999912.583 600007.615
17.000 948997.162 565949.398
18.000 769600.672 461531.274
19.000 643559.579 469630.458
20.000 706391.791 480162.954
21.000 523687.053 378098.396
22.000 603252.550 357936.137
23.000 468824.137 323707.231
24.000 452006.919 384873.126
25.000 428192.262 322001.500
26.000 437378.086 380923.755
27.000 346106.190 265264.218
28.000 375811.668 319163.647
29.000 355270.611 312468.122
30.000 359052.229 315399.551
31.000 344395.748 286743.702
32.000 253733.246 262073.361
33.000 251373.010 205391.670
34.000 253650.174 239511.756
35.000 188064.757 188769.515
36.000 223054.851 234451.579
37.000 209996.853 219012.589
38.000 214558.805 186875.002
