2.000 12914.576 41211.698 26578.549 1166615.342 2191.908 21164.675
3.000 11758.483 40045.358 24079.813 1169195.691 2197.808 21165.470
4.000 12287.498 39389.547 24996.572 1184736.858 2171.461 20793.643
5.000 11646.035 39698.582 22977.677 1158297.545 2161.405 20808.988
6.000 11028.422 39624.257 21891.389 1150251.523 2166.289 20772.976
7.000 11421.942 39762.463 22077.469 1169275.267 2168.358 20818.299
8.000 10794.465 39886.259 20930.748 1131799.607 2151.196 20669.619
9.000 11158.277 39521.026 21152.681 1135502.516 2153.651 20788.712
10.000 10469.036 39546.886 19709.907 1132041.986 2148.349 20757.816
11.000 10233.527 39393.137 19821.598 1156737.758 2151.135 20763.712
12.000 10192.090 39161.328 18853.856 1131091.708 2154.257 20880.962
13.000 10191.914 39881.513 18906.854 1127435.962 2157.061 20821.125
14.000 9846.715 39101.032 17864.444 1127214.040 2152.329 20879.611
15.000 10029.819 39143.082 17879.689 1128454.222 2156.534 20803.595
16.000 9596.490 38832.373 17123.891 1127214.040 2155.844 20833.364
17.000 9759.974 38921.405 17063.928 1130012.937 2160.109 20770.898
18.000 9981.760 39160.012 17419.611 1108736.314 2183.885 21126.032
19.000 9624.740 39147.742 16463.686 1102634.288 2188.242 21129.332
20.000 9684.486 38708.242 16713.439 1112595.754 2191.251 21076.652
21.000 9235.235 38333.654 15559.175 1089367.438 2147.556 20770.659
22.000 9333.236 39194.855 15646.351 1095253.283 2179.501 21081.476
23.000 8842.183 38985.394 14941.817 1091911.921 2176.999 21176.715
24.000 9256.586 39288.276 15305.514 1100638.682 2183.870 21068.685
25.000 8891.162 39150.106 14435.764 1111605.900 2177.296 21159.318
26.000 8743.323 38580.352 14724.014 1096739.071 2179.038 20985.142
27.000 8683.190 38850.881 13887.099 1107628.328 2190.088 21079.361
28.000 8776.808 39379.503 14220.233 1078392.391 2173.657 21116.204
29.000 8500.566 38770.525 13356.703 1084587.701 2184.659 21131.977
30.000 8525.386 38856.131 13646.872 1085461.415 2174.419 21091.201
31.000 8269.504 38730.472 12840.850 1075624.166 2184.655 21046.256
32.000 8293.018 39064.201 13182.561 1065154.020 2187.933 21033.990
33.000 7966.299 38466.413 12243.843 1085307.128 2141.679 20629.244
34.000 8151.405 38838.080 12583.353 1073641.170 2150.367 20625.467
35.000 7758.075 38949.995 11831.226 1061698.185 2154.616 20652.245
36.000 8023.026 38881.193 12279.488 1075758.872 2178.974 20904.509
37.000 7635.864 38464.259 11594.909 1078460.087 2177.757 20921.120
38.000 7804.000 38554.767 11893.286 1068599.190 2176.850 20905.578
39.000 7384.824 38218.381 11091.780 1054044.370 2155.081 20729.745
40.000 7586.239 38504.950 11545.312 1056345.140 2179.333 21071.579
41.000 7359.427 38248.204 10823.438 1041582.950 2179.910 21053.606
42.000 7435.417 38628.931 10977.699 1052688.063 2149.632 20659.956
43.000 6983.999 38456.855 10158.717 1054723.835 2156.715 20753.848
44.000 7154.354 39087.309 10803.923 1046500.118 2173.859 20813.223
45.000 7018.573 38373.962 10167.504 1047425.264 2184.994 20907.677
46.000 7265.271 38251.781 10618.265 1047840.516 2180.331 20912.843
47.000 6905.971 38262.856 9916.019 1035025.405 2184.217 20891.303
48.000 7103.169 38818.773 10415.037 1037369.071 2170.929 20990.327
49.000 6757.375 38408.149 9673.611 1044781.779 2182.680 20968.512
50.000 6979.690 38779.211 10003.883 1033033.834 2177.345 20853.013
51.000 6601.145 38414.848 9383.100 1038560.584 2181.720 20935.346
52.000 6805.326 38688.389 9801.106 1030060.808 2175.010 20881.768
53.000 6446.334 38285.580 9081.205 1027750.011 2142.911 20632.836
54.000 6701.971 38134.607 9532.419 1036055.312 2173.944 20890.973
55.000 6268.172 38002.675 8807.039 1023342.220 2149.287 20705.635
56.000 6467.056 38520.318 9289.805 1025265.967 2142.789 20612.129
57.000 6099.731 37898.554 8483.616 1021699.030 2156.254 20663.746
58.000 6373.564 37809.683 8803.169 998916.719 2145.706 20676.429
59.000 5983.895 38020.126 8311.604 1013113.324 2148.990 20602.526
60.000 6246.792 38129.994 8729.269 1026184.582 2152.959 20650.532
61.000 5896.931 38132.829 8078.020 1015628.813 2141.049 20568.449
62.000 6125.401 37839.746 8420.448 1014010.281 2158.113 20633.778
63.000 5852.708 38117.008 7973.549 1012993.849 2175.579 20941.177
64.000 6150.252 38409.781 8372.074 978157.496 2206.046 20884.002
65.000 5615.705 37885.432 7598.300 1005170.359 2161.768 20614.664
66.000 5913.913 37823.459 8044.938 1006259.543 2150.014 20488.605
67.000 5595.090 37755.133 7586.717 988883.278 2149.259 20669.750
68.000 5867.993 38261.066 8157.219 1006259.543 2174.263 20840.858
69.000 5577.889 38166.928 7524.246 1007882.971 2182.823 20963.625
70.000 5804.047 38399.178 7908.129 995501.619 2175.692 20943.053
71.000 5485.180 38341.632 7374.825 996367.649 2173.280 20895.928
72.000 5696.449 38253.910 7822.906 988655.647 2181.995 21025.560
73.000 5410.971 38221.612 7204.653 985084.242 2180.868 20921.757
74.000 5611.363 38385.837 7535.728 996598.845 2176.508 20856.557
75.000 5292.575 38159.806 7050.771 993199.548 2178.538 20890.554
76.000 5547.429 38743.312 7494.022 982717.606 2170.366 20709.142
77.000 5206.625 38295.736 6913.004 969819.593 2176.565 20758.161
78.000 5531.839 38735.275 7315.160 978965.707 2175.614 21012.445
79.000 5170.444 38293.943 6796.316 990679.537 2181.443 20638.921
80.000 5353.048 38492.613 7317.148 978742.619 2171.413 20777.429
81.000 5015.828 37814.052 6578.662 978965.707 2151.196 20520.983
82.000 5266.023 37891.532 6904.369 963780.493 2143.665 20518.887
83.000 4931.380 37448.122 6436.239 975685.438 2150.494 20577.688
84.000 5149.646 37793.131 6855.155 967961.754 2149.290 20526.953
85.000 4890.536 38138.670 6357.701 974412.636 2171.746 20868.730
86.000 5050.181 38267.330 6564.334 969819.593 2178.610 20665.013
87.000 4811.589 38221.782 6185.559 967743.652 2177.256 20863.522
88.000 5070.357 38101.285 6743.903 945741.608 2171.460 20783.122
89.000 4804.576 38059.460 6193.805 963078.128 2184.583 20900.682
90.000 4981.832 37965.471 6534.790 965134.080 2179.446 20920.215
91.000 4638.015 37698.879 5964.164 948901.916 2152.981 20487.578
92.000 5004.135 37718.992 6411.937 949583.749 2181.923 20742.296
93.000 4652.272 37982.888 5998.117 956349.877 2176.324 20843.083
94.000 4918.067 37990.111 6333.655 955445.703 2173.976 20769.466
95.000 4594.447 37930.643 5899.069 943249.193 2185.693 20831.166
96.000 4910.427 37563.532 6255.325 945195.268 2185.310 20481.594
97.000 4483.807 37584.528 5721.365 938893.277 2144.670 20445.252
98.000 4681.290 37768.745 6040.501 939021.573 2154.209 20463.383
99.000 4469.400 37760.734 5689.000 946288.581 2177.976 21029.073
100.000 4686.606 37590.943 6100.204 932826.692 2182.600 20779.967
101.000 4424.200 37519.438 5639.461 935569.852 2186.000 20748.434
102.000 4598.901 37469.194 5909.421 941491.666 2182.863 20765.738
103.000 4327.337 37492.990 5535.771 930275.846 2181.255 20774.326
104.000 4554.398 38124.494 5868.426 931536.895 2175.030 20770.521
105.000 4246.764 37513.621 5389.052 927638.725 2158.123 20576.973
106.000 4440.657 37598.676 5609.000 920358.352 2155.107 20496.500
107.000 4109.903 37475.856 5170.619 912027.880 2152.815 20490.743
108.000 4333.433 37377.037 5552.377 912560.777 2152.720 20455.196
109.000 4135.122 37117.253 5212.084 908603.194 2152.962 20384.713
110.000 4377.652 37010.903 5538.417 908819.488 2154.347 20564.990
111.000 4113.859 37202.533 5172.442 902398.844 2148.687 20417.418
112.000 4368.289 37367.485 5643.824 895881.375 2176.132 20814.749
113.000 4029.477 37103.145 5036.011 917777.081 2149.781 20325.241
114.000 4260.312 37516.693 5317.843 903585.399 2148.374 20571.392
115.000 3964.417 37489.595 4958.603 896325.413 2145.415 20438.721
116.000 4190.633 36604.081 5330.036 894691.656 2146.717 20341.895
117.000 3913.289 36779.301 4903.323 906589.403 2146.270 20428.028
118.000 4145.874 36926.499 5162.819 903823.084 2152.539 20412.227
119.000 3938.628 37179.185 4882.514 901783.066 2178.120 20738.490
120.000 4249.644 37394.610 5222.123 887252.450 2178.039 20742.171
121.000 3892.537 37290.957 4846.317 896886.932 2172.192 20611.201
122.000 4122.980 37621.442 5137.493 887527.467 2166.681 20693.576
123.000 3842.744 37006.519 4752.622 893528.329 2172.862 20695.970
124.000 4034.836 37689.285 5147.636 879755.694 2166.014 20703.826
125.000 3811.520 37626.963 4681.454 896465.727 2165.565 20630.309
126.000 4012.519 35899.542 4978.806 883329.178 2178.533 20525.040
127.000 3690.289 35990.165 4549.872 876702.857 2141.225 20301.247
128.000 3925.797 35743.290 4924.800 892785.386 2207.321 20678.930
129.000 3644.787 36127.531 4467.169 886016.977 2187.179 20642.976
130.000 3926.576 35643.770 4839.137 879530.496 2184.362 20694.075
131.000 3644.868 36174.467 4477.290 880657.637 2180.806 20747.432
132.000 4544.878 35933.444 5857.848 866226.450 2185.183 20750.752
133.000 4390.600 35925.666 5697.001 879125.432 2185.616 20503.484
134.000 4468.493 36376.410 5736.273 863310.009 2183.807 20817.448
135.000 4373.552 36215.569 5658.889 858692.917 2193.375 20829.095
136.000 4529.778 35789.045 5851.872 865877.183 2187.507 20749.749
137.000 4353.302 35884.657 5608.858 868898.907 2188.270 20930.372
138.000 4409.752 35936.751 5677.609 857899.637 2188.918 20655.311
139.000 4309.429 36151.478 5556.446 874827.843 2180.527 20849.128
140.000 4360.582 35939.645 5561.740 869998.946 2192.581 20666.816
141.000 4308.178 36073.822 5550.308 858521.273 2184.289 20671.093
142.000 4316.514 35876.976 5467.858 863961.236 2187.851 20702.778
143.000 4240.047 35986.019 5442.532 864700.482 2183.721 20646.499
144.000 4328.477 35533.627 5767.958 863223.253 2177.734 20752.695
145.000 4186.213 35749.240 5343.185 853149.386 2183.823 20698.164
146.000 4280.529 35785.728 5455.652 859595.176 2181.157 20768.073
147.000 4124.430 35667.672 5270.663 854040.027 2181.811 20688.966
148.000 4126.881 35644.361 5246.526 854592.309 2184.847 20588.082
149.000 4134.650 35800.493 5255.412 850320.193 2184.285 20538.536
150.000 4010.512 35616.724 5013.864 851922.502 2182.588 20686.550
151.000 3990.471 35908.396 5068.874 834541.396 2186.760 20563.685
152.000 4211.695 35496.038 5295.677 846465.766 2180.734 20917.057
153.000 4034.239 35612.737 5115.818 842976.898 2187.128 20533.602
154.000 4106.199 35799.524 5200.919 839188.608 1860.079 17006.505
155.000 3997.766 35499.118 5085.868 849941.581 2185.080 20639.430
156.000 3987.985 35515.483 5042.093 837592.959 2181.871 20649.551
157.000 3940.534 35654.274 5003.891 846090.578 2187.304 20621.568
158.000 3991.013 35650.870 5029.859 840214.662 2180.718 20613.155
159.000 3870.987 35221.395 4904.056 842480.835 2186.583 20723.406
160.000 4037.755 35289.040 4998.176 845258.016 2183.963 20672.884
161.000 3852.604 35382.286 4838.519 830989.126 2177.870 20688.966
162.000 3909.277 35284.836 4894.024 828944.231 2175.560 20595.240
163.000 3802.493 35412.335 4828.344 832680.748 2181.891 20649.204
164.000 3888.484 34928.230 4856.533 834379.271 2170.281 20663.808
165.000 3829.737 35392.127 4761.861 829344.397 2178.107 20681.345
166.000 3883.458 35369.830 4838.360 829144.266 2184.544 20640.992
167.000 3862.223 35627.877 4835.097 823816.495 2176.352 20634.323
168.000 3901.168 36157.565 4895.774 831351.037 2172.633 20736.413
169.000 3715.530 35359.711 4679.775 825479.011 2174.054 20752.895
170.000 3792.667 35701.471 4715.341 829825.107 2177.367 20818.633
171.000 3592.175 35664.784 4461.985 826630.861 2177.695 20563.882
172.000 3669.248 35408.028 4562.502 819532.948 2170.653 20731.458
173.000 3659.695 35453.112 4575.959 824488.611 2176.186 20615.975
174.000 3779.860 35427.962 4713.877 817388.390 2169.010 20660.254
175.000 3659.228 35537.376 4533.606 818712.790 2172.723 20706.521
176.000 3862.930 35487.752 4702.478 809492.964 2173.386 20550.796
177.000 3633.654 35175.673 4542.546 817232.860 2183.088 20701.705
178.000 3751.393 35440.460 4677.160 810906.692 2174.883 20611.622
179.000 3627.649 35151.850 4529.601 812018.206 2184.483 20714.286
180.000 3659.760 35275.128 4513.712 814018.914 2177.585 20605.812
181.000 3594.849 35370.121 4482.837 811557.900 2187.449 20621.988
182.000 3698.820 35347.198 4598.331 809798.217 2175.067 20570.604
183.000 3556.272 35377.478 4418.230 810141.902 2183.191 20594.524
184.000 3705.687 34969.110 4583.316 802835.141 2175.719 20666.617
185.000 3553.144 35033.074 4382.071 807590.334 2181.867 20631.226
186.000 3819.439 35368.301 4758.105 807742.216 2185.135 20596.573
187.000 3623.470 35314.283 4538.670 786012.224 2176.691 20528.229
188.000 3639.624 35110.901 4530.066 802497.626 2185.239 20680.698
189.000 3591.489 35302.455 4465.648 803623.781 2177.616 20650.892
190.000 3651.841 35000.172 4533.165 787056.496 2171.589 20584.061
191.000 3536.775 35420.001 4387.816 801860.872 2178.792 20550.697
192.000 3659.139 35154.008 4475.324 790278.724 2210.340 20678.408
193.000 3439.718 34816.602 4230.453 796138.337 2187.856 20799.805
194.000 3538.468 35039.076 4375.395 796729.081 2183.877 20627.386
195.000 3554.803 35231.724 4439.463 793051.248 2186.507 20531.025
196.000 3554.313 34614.431 4372.359 782575.010 2190.673 20544.209
197.000 3480.347 35025.646 4306.787 783931.973 2174.370 20479.067
198.000 3562.337 34906.798 4375.340 785114.212 2183.126 20559.034
199.000 3463.646 35087.452 4303.863 768467.936 2187.962 20617.930
200.000 3624.978 34894.603 4524.862 783145.789 2186.162 20528.032
201.000 3432.878 35109.035 4257.345 783324.329 2187.468 20621.568
202.000 3519.357 35075.059 4311.706 780761.188 2186.879 20598.227
203.000 3420.805 35043.865 4212.184 779768.935 2187.199 20599.685
204.000 3452.887 35351.780 4276.043 781542.589 2182.973 20565.236
205.000 3409.605 34620.919 4230.396 781542.589 2185.755 20568.634
206.000 3475.793 34953.600 4279.157 775159.914 2186.449 20691.981
207.000 3355.389 34864.931 4149.890 772684.590 2187.741 20738.916
208.000 3540.967 34921.698 4294.225 778849.813 2179.660 20509.946
209.000 3338.537 34589.969 4122.412 770812.508 2179.978 20594.104
210.000 3503.208 35247.771 4286.025 737903.496 2186.282 20593.462
211.000 3362.333 34540.315 4120.783 764603.195 2176.572 20617.410
212.000 3359.429 35048.726 4093.801 775020.038 2170.666 20661.919
213.000 3318.211 35018.721 4054.178 764161.070 2183.250 20620.528
214.000 3273.165 34893.185 3950.137 762905.510 2175.102 20524.746
215.000 3273.398 34571.524 4027.897 765898.497 2184.473 20594.104
216.000 3414.377 34467.415 4170.552 763889.248 2183.413 20611.820
217.000 3281.197 34572.706 4018.519 752677.730 2182.576 20584.900
218.000 3345.202 34440.191 4072.849 753899.824 2178.371 20489.326
219.000 3289.307 34495.859 4016.430 754462.658 2183.379 20384.084
220.000 3296.160 34950.329 4021.115 748512.948 2173.609 20681.121
221.000 3305.612 34805.669 4046.763 755457.947 2179.043 20550.378
222.000 3315.491 34808.348 4017.873 747145.742 2175.565 20613.576
223.000 3224.379 34266.738 3937.500 742046.872 2185.956 20535.148
224.000 3319.749 34618.547 4062.086 732242.315 2176.676 20546.150
225.000 3068.661 34603.067 3808.362 744845.835 2177.293 20539.174
226.000 3196.813 34866.983 3878.803 734841.917 2165.071 20416.812
227.000 3170.917 34938.388 3847.881 741374.409 2171.060 20567.723
228.000 3105.897 34843.506 3760.372 736132.881 2172.213 20456.974
229.000 3096.355 34901.196 3758.649 741086.584 2176.511 20584.974
230.000 3139.698 34787.978 3794.359 728176.543 2179.991 20491.574
231.000 3084.123 34921.982 3733.228 729320.308 2177.233 20374.173
232.000 3167.185 34617.710 3867.840 720239.349 2178.266 20495.045
233.000 3045.242 34441.572 3700.324 726390.816 2175.813 20584.357
234.000 3062.302 34584.329 3697.502 725838.404 2170.677 20513.228
235.000 2896.610 34599.304 3495.943 727405.758 2175.608 20523.716
236.000 2960.830 34951.467 3519.173 723942.067 2174.728 20412.542
237.000 2984.825 34381.467 3591.358 727775.531 2170.303 20438.405
238.000 3028.038 34556.642 3640.371 722025.266 2174.603 20668.606
239.000 2976.441 34482.773 3589.032 739205.249 2180.387 20501.527
240.000 3127.979 34487.134 3706.934 717352.256 2168.754 20508.208
241.000 2999.895 34621.198 3632.214 720480.989 2176.709 20542.858
242.000 2985.551 34322.053 3559.923 722936.761 2170.595 20371.032
243.000 2950.911 34415.491 3561.139 720360.149 2179.599 20552.566
244.000 2951.560 34540.315 3529.261 726513.688 2177.488 20466.796
245.000 2939.914 34348.884 3538.312 723667.615 2166.101 20409.075
246.000 2989.356 34445.646 3577.249 715708.598 2183.999 20385.414
247.000 2913.899 34445.370 3493.628 722025.266 2179.517 20604.552
248.000 3056.807 34395.372 3664.832 722784.685 2171.185 20508.918
249.000 2879.504 34190.291 3472.137 722116.312 2179.239 20493.432
250.000 2926.988 34447.649 3489.061 716305.420 2176.885 20355.440
251.000 2875.445 34358.982 3461.126 721146.337 2176.193 20525.040
252.000 2892.923 34663.949 3430.058 720511.206 2170.958 20566.270
253.000 2851.361 34880.363 3432.460 709882.616 2171.105 20554.705
254.000 2886.151 34301.974 3502.788 708272.971 2169.266 20424.361
255.000 2810.980 34567.211 3377.635 710851.919 2175.824 20540.893
256.000 2943.121 34045.094 3484.006 716963.074 2208.228 20602.180
257.000 2728.711 34770.799 3225.852 713212.769 2180.354 20369.196
258.000 2832.270 34212.556 3338.107 716843.411 2181.411 20449.620
259.000 2786.969 34395.579 3338.490 703775.723 2187.020 20396.790
260.000 2811.200 34652.203 3341.778 702940.638 2187.808 20460.458
261.000 2765.790 34425.077 3335.157 703660.421 2184.883 20287.582
262.000 2839.536 34442.193 3384.749 702452.025 2179.517 20490.767
263.000 2769.360 34244.062 3324.292 703055.704 2185.733 20577.749
264.000 2935.738 34140.420 3507.129 702710.618 2183.347 20392.117
265.000 2745.687 34474.608 3303.865 707077.795 2187.066 20304.366
266.000 2776.974 34199.684 3297.206 707543.725 2181.215 20391.706
267.000 2745.678 34051.909 3296.099 696952.097 2187.356 20468.844
268.000 2761.483 34475.784 3276.459 700532.914 2175.769 20264.896
269.000 2730.263 34179.476 3271.957 701849.382 2183.567 20530.608
270.000 2792.681 34121.705 3302.310 699306.760 2184.500 20481.948
271.000 2722.483 34187.434 3256.721 700647.193 2176.477 20475.504
272.000 2812.445 34372.250 3429.747 697546.355 2166.151 20378.112
273.000 2724.774 34355.203 3280.529 686453.398 2179.309 20500.621
274.000 2714.233 34166.900 3209.752 695653.919 2179.064 20487.982
275.000 2674.405 34503.688 3196.020 693519.667 2182.674 20471.088
276.000 2685.329 34276.994 3169.378 684948.137 2174.996 20467.820
277.000 2635.907 34634.319 3145.936 688765.152 2176.123 20453.418
278.000 2633.699 34374.176 3091.806 688875.624 2174.041 20393.933
279.000 2600.714 34072.304 3102.847 687937.740 2179.673 20401.876
280.000 2758.946 34379.128 3248.545 687029.880 2174.465 20402.773
281.000 2615.157 34213.169 3145.449 688516.719 2182.338 20524.648
282.000 2694.987 34378.027 3176.602 679287.857 2173.783 20482.339
283.000 2564.687 34214.873 3107.977 683449.464 2175.042 20311.303
284.000 2634.853 34238.329 3096.975 682336.531 2174.921 20329.450
285.000 2597.660 34102.334 3100.196 685631.527 2178.414 20454.636
286.000 2608.095 34413.768 3141.116 684238.856 2177.337 20417.734
287.000 2569.764 34145.034 3080.811 679825.459 2179.434 20520.848
288.000 2663.304 34146.120 3241.193 675893.823 2174.116 20258.682
289.000 2553.552 34225.165 3073.239 680957.199 2170.242 20504.903
290.000 2597.510 33773.365 3078.472 685057.388 2170.216 20429.534
291.000 2550.976 34430.597 3058.264 682228.146 2174.256 20515.579
292.000 2584.503 34004.998 3064.223 678938.871 2168.895 20431.186
293.000 2527.835 33959.022 3018.570 668191.404 2182.795 20452.590
294.000 2580.252 34112.017 3029.173 673350.677 2174.864 20481.631
295.000 2512.580 34142.456 2996.654 677119.233 2180.916 20576.517
296.000 2621.229 33925.559 3123.456 672586.195 2172.663 20342.979
297.000 2494.605 34109.511 2976.067 667646.090 2169.735 20498.542
298.000 2534.743 33838.090 2964.442 669597.739 2167.396 20552.222
299.000 2441.269 34152.433 2883.502 670172.389 2177.566 20290.385
300.000 2471.244 33732.781 2887.130 676133.228 2172.304 20286.264
301.000 2466.128 33884.608 2932.167 667646.090 2170.231 20469.868
302.000 2545.201 33737.219 2970.712 665164.519 2169.752 20220.270
303.000 2470.010 33802.072 2962.564 662905.895 2171.676 20456.779
304.000 2604.892 33598.070 2983.053 664804.163 2170.625 20326.948
305.000 2433.745 33950.835 2901.633 662139.412 2169.485 20396.983
306.000 2501.348 33776.685 2889.495 667205.297 2167.355 20356.019
307.000 2428.672 33959.290 2892.750 660433.982 2170.746 20419.651
308.000 2449.060 33561.708 2844.287 659673.201 2169.102 20290.074
309.000 2416.314 33685.027 2879.049 661502.029 2166.769 20147.069
310.000 2471.552 33217.135 2860.673 661705.858 2146.637 20099.903
311.000 2427.488 33407.296 2883.579 654945.263 2147.231 20069.988
312.000 2540.790 33252.947 2951.672 657451.655 2138.278 20035.604
313.000 2396.974 33608.192 2860.329 653798.728 2145.727 20231.652
314.000 2487.487 33416.264 2897.944 649129.796 2140.180 20179.822
315.000 2412.723 33398.074 2872.028 650875.893 2148.165 20087.870
316.000 2406.593 33331.463 2798.766 650358.464 2148.109 20031.796
317.000 2359.397 33377.894 2812.128 649964.785 2140.558 20109.384
318.000 2403.608 33222.724 2781.981 651295.367 2146.236 20175.840
319.000 2334.514 33337.672 2763.903 639703.202 2155.604 20153.900
320.000 2465.468 33388.727 2797.978 650777.271 2189.033 20023.274
321.000 2309.371 33626.150 2731.023 641902.152 2159.294 19955.175
322.000 2398.576 33413.534 2807.750 630338.257 2153.087 20197.947
323.000 2336.017 33226.258 2757.083 645859.744 2161.898 20022.387
324.000 2372.225 33579.551 2762.133 639584.125 2152.462 20012.591
325.000 2328.043 33208.210 2748.816 641494.686 2159.117 20135.687
326.000 2359.455 33454.200 2755.998 645229.069 2152.125 19990.353
327.000 2323.316 33478.060 2754.510 644116.271 2158.038 20258.778
328.000 2407.101 33431.025 2809.145 643416.695 2156.330 20079.018
329.000 2290.929 33502.608 2709.925 642622.473 2161.571 20206.500
330.000 2333.600 33486.739 2772.545 644720.576 2158.452 20000.197
331.000 2297.966 33333.015 2703.545 641422.834 2156.601 20219.056
332.000 2329.887 33384.121 2710.497 641303.116 2155.099 20008.792
333.000 2272.816 33565.052 2688.056 636432.881 2154.953 20066.049
334.000 2314.311 33103.781 2705.490 634247.764 2154.916 20118.663
335.000 2254.414 33519.668 2658.252 638704.334 2155.724 20077.141
336.000 2323.603 33247.349 2823.770 632496.472 2144.582 20199.230
337.000 2229.586 33176.467 2623.276 628884.588 2156.300 20140.125
338.000 2290.849 33261.639 2680.960 615942.535 2152.231 20197.924
339.000 2225.200 33288.062 2609.334 632682.816 2146.663 20202.223
340.000 2009.166 33106.205 2613.135 630430.780 2177.881 20444.729
341.000 2242.089 33463.584 2615.257 633896.730 2175.814 20184.729
342.000 2205.404 32942.929 2561.493 625541.406 2173.230 20149.550
343.000 2194.547 32933.961 2556.607 625313.721 2176.394 20102.866
344.000 2261.007 33390.869 2668.153 619674.981 2178.429 19968.233
345.000 2176.304 33000.894 2548.370 618559.415 2177.477 20087.259
346.000 2220.639 33109.650 2562.867 626453.806 2176.103 19734.047
347.000 2177.540 33262.476 2560.365 626911.005 2180.832 20126.794
348.000 2196.315 33186.400 2542.852 613522.934 2173.761 20155.082
349.000 2154.490 33386.586 2537.763 620256.668 2179.786 20101.690
350.000 2193.852 32831.498 2567.118 625906.047 2177.468 19984.586
351.000 2157.948 33242.524 2514.624 622504.137 2176.829 19910.378
352.000 2219.609 33212.833 2631.369 612080.276 2168.377 20114.116
353.000 2129.660 32931.815 2498.314 617447.857 2159.565 20013.874
354.000 2163.510 33057.790 2508.165 618737.635 2159.503 20098.915
355.000 2132.967 33077.139 2479.992 618158.793 2165.246 20155.507
356.000 2159.907 33110.799 2485.826 615765.921 2167.854 20157.068
357.000 2104.780 33169.741 2439.492 616119.251 2166.806 19972.876
358.000 2150.014 32825.225 2445.125 609690.865 2164.477 20055.415
359.000 2088.319 33177.299 2435.781 615765.921 2172.562 20003.900
360.000 2165.927 32924.494 2497.043 609690.865 2165.102 19995.890
361.000 2084.286 33247.284 2403.397 600778.752 2185.573 20230.318
362.000 2064.287 33305.164 2369.457 605564.652 2170.105 20241.330
363.000 2026.046 33117.820 2334.914 603056.346 2173.422 20079.042
364.000 2059.892 32819.456 2342.049 607921.769 2167.088 20214.417
365.000 2042.758 33026.397 2356.491 609517.817 2175.204 20098.304
366.000 2077.010 33233.264 2379.691 611339.733 2165.173 20071.160
367.000 2041.258 32785.885 2350.994 605564.652 2169.703 19830.721
368.000 2066.664 33078.158 2443.681 604286.640 2163.818 20000.174
369.000 2014.380 32715.584 2326.493 605735.462 2171.132 20023.484
370.000 2022.436 33115.139 2317.885 604499.268 2164.105 20176.575
371.000 2009.780 32749.136 2319.342 602887.043 2175.139 20002.922
372.000 2030.415 32786.886 2309.747 607706.727 2179.224 19959.232
373.000 1986.415 33088.861 2290.036 603056.346 2170.381 20207.807
374.000 2031.974 32848.949 2273.562 604626.916 2169.227 20149.928
375.000 1980.771 33118.203 2272.206 600442.793 2169.030 20270.610
376.000 2073.655 32912.257 2392.163 601115.087 2167.357 20118.451
377.000 2006.791 32953.671 2302.055 597435.985 2170.115 20071.113
378.000 2006.981 32647.321 2284.778 595530.684 2160.951 20011.123
379.000 1986.918 32856.237 2279.090 595365.580 2165.431 20190.707
380.000 1990.558 33096.766 2250.283 592613.632 2166.034 20191.657
381.000 1978.992 33260.801 2273.780 591756.310 2166.900 19939.264
382.000 1995.606 32880.007 2272.364 590049.086 2170.101 19945.283
383.000 1950.201 33049.269 2244.615 588150.263 2171.870 19961.969
384.000 1994.461 32802.536 2310.136 594994.430 1903.602 20585.196
385.000 1926.735 32673.399 2214.169 587506.641 2121.100 20315.483
386.000 1970.017 33057.918 2224.023 593965.882 2115.252 20394.974
387.000 1955.133 32947.730 2240.661 588876.026 2124.356 20430.773
388.000 1966.070 33037.575 2211.649 586984.734 2118.046 20294.700
389.000 1946.315 32714.089 2241.912 582803.080 2116.387 20311.592
390.000 1973.303 32528.636 2226.319 589199.163 2114.073 20326.539
391.000 1909.612 32724.558 2181.780 586824.333 2114.563 20289.475
392.000 1966.597 32901.164 2222.059 582486.919 2114.078 20234.559
393.000 1909.294 32698.523 2191.469 586664.021 2120.493 20382.391
394.000 1922.573 32829.992 2173.657 585504.369 2121.005 20362.726
395.000 1900.832 32494.551 2187.740 585823.814 2125.555 20384.181
396.000 1921.616 32692.176 2147.500 583119.584 2120.660 20261.956
397.000 1899.908 32903.306 2163.571 577707.619 2125.964 20298.728
398.000 1932.291 32615.711 2168.724 573197.290 2113.089 20334.190
399.000 1891.075 32662.963 2157.497 581973.888 2118.747 20385.003
400.000 1929.798 32512.631 2201.817 577241.757 2108.723 20334.816
401.000 1870.031 33249.343 2126.021 573197.290 2114.785 20086.930
402.000 1890.760 32515.092 2106.237 575771.472 2111.025 20385.826
403.000 1866.610 32959.488 2123.239 580165.784 2120.267 20206.381
404.000 1872.034 33000.386 2091.326 574962.155 2114.984 20386.648
405.000 1836.707 32988.093 2104.595 572738.671 2114.951 20325.722
406.000 1883.603 32748.012 2084.506 574769.795 2115.891 20272.189
407.000 1849.130 32748.012 2109.522 573809.926 2115.978 20316.059
408.000 1922.832 33119.352 2126.820 570949.458 2114.796 20327.309
409.000 1852.569 32702.133 2118.966 570608.117 2119.712 20279.224
410.000 1859.082 32809.553 2050.668 571253.215 2112.983 20317.261
411.000 1830.542 32576.254 2067.607 569058.270 2118.055 20464.211
412.000 1834.457 32446.069 2024.528 570305.045 2113.257 20384.761
413.000 1819.243 32548.727 2075.534 558476.991 2113.190 20372.240
414.000 1860.541 32450.727 2028.991 561874.319 2109.516 20373.206
415.000 1810.102 32494.059 2052.730 569058.270 2114.431 20300.311
416.000 1901.292 32559.707 2025.292 565424.868 2112.218 20376.106
417.000 1802.342 32819.456 2057.504 569058.270 2108.847 20381.134
418.000 1840.940 32760.252 2003.398 564941.440 2106.302 20205.811
419.000 1795.767 32595.909 2048.477 559094.936 2114.231 20134.720
420.000 1826.469 32492.953 1992.763 561396.941 2106.872 20303.574
421.000 1784.675 32821.086 2037.233 560920.373 2107.376 20315.675
422.000 1831.610 32254.427 1970.017 560481.182 2107.223 20212.990
423.000 1769.506 32401.031 2029.030 558005.365 2112.403 20304.774
424.000 1857.543 32427.084 2010.453 559276.945 2106.762 20319.471
425.000 1781.553 32430.757 2021.712 563385.229 2112.985 20310.823
426.000 1819.334 31944.124 1954.997 554260.846 2104.930 20163.030
427.000 1774.378 32296.630 2026.543 561250.218 2109.324 20342.906
428.000 1819.517 32510.047 1951.253 559568.405 2107.232 20358.865
429.000 1775.743 32360.994 2037.661 556198.821 2108.645 20274.821
430.000 1818.464 31973.493 1940.397 552762.844 2106.658 20381.569
431.000 1773.838 32337.603 2023.256 554403.936 2112.407 20365.140
432.000 1840.211 32253.580 1943.336 549369.058 2102.393 20341.268
433.000 1740.810 32404.576 1970.525 549053.026 2111.340 20305.974
434.000 1756.571 32611.006 1884.365 545704.504 2107.801 20212.419
435.000 1728.365 32238.811 1968.937 549053.026 2108.836 20358.479
436.000 1755.678 32214.389 1889.358 546259.751 2106.179 20270.228
437.000 1734.799 32349.782 1978.788 534598.867 2109.085 20258.993
438.000 1775.661 32278.425 1912.130 536803.812 2107.431 20043.809
439.000 1734.948 32275.879 1971.215 531686.964 2110.348 20298.920
440.000 1787.605 32385.151 1921.177 539534.865 2102.484 20400.011
441.000 1717.392 32113.946 1970.229 535565.471 2108.182 20275.012
442.000 1758.891 32349.782 1869.608 538520.130 2108.286 20215.559
443.000 1704.668 32036.574 1955.912 530439.335 2109.061 20229.603
444.000 1746.376 32341.134 1855.081 527151.555 2103.829 20347.532
445.000 1698.674 31985.041 1921.556 526892.878 2106.446 20262.004
446.000 1734.845 32095.707 1854.433 524704.330 2108.180 20147.754
447.000 1657.245 32232.158 1882.877 527702.088 2112.606 20324.135
448.000 1751.357 32177.945 1817.877 525828.513 2149.657 20308.806
449.000 1640.286 31978.968 1853.761 530537.619 2126.365 20205.620
450.000 1685.500 31987.542 1785.439 527572.448 2115.298 20284.827
451.000 1642.335 32043.506 1865.799 530996.760 2115.287 20189.474
452.000 1652.899 32096.307 1773.670 528904.291 2119.196 20221.365
453.000 1629.507 32100.385 1841.083 531818.635 2125.063 20202.246
454.000 1653.283 32346.736 1776.780 529067.171 2118.173 20253.739
455.000 1636.549 31841.343 1854.193 524832.565 2118.383 20354.813
456.000 1693.679 32020.452 1843.783 525538.978 2109.218 20311.640
457.000 1627.369 31944.599 1842.873 533205.127 2120.759 20269.367
458.000 1657.016 31615.745 1772.747 534598.867 2114.656 20180.888
459.000 1633.880 32083.719 1849.029 527022.185 2117.553 20291.919
460.000 1640.456 31966.591 1761.960 529491.129 2120.357 20227.555
461.000 1629.705 31998.505 1840.500 533205.127 2121.370 20273.624
462.000 1647.743 31867.094 1746.345 530013.858 2116.675 20186.674
463.000 1616.687 31990.520 1829.529 531950.371 2121.330 20276.448
464.000 1680.465 31967.543 1768.816 523234.123 2108.591 20207.997
465.000 1612.637 31779.027 1821.468 523393.529 2118.265 20254.980
466.000 1640.663 31877.974 1752.989 526892.878 2078.784 19852.629
467.000 1610.948 31242.374 1832.200 524864.634 2085.633 19897.004
468.000 1641.529 31125.094 1737.686 516656.718 2078.162 19955.755
469.000 1599.409 31369.245 1807.723 512525.930 2089.084 19993.563
470.000 1631.550 31373.485 1728.714 521265.525 2080.808 19899.539
471.000 1584.195 31185.322 1807.178 518872.521 2087.525 19908.810
472.000 1651.261 31705.833 1833.727 519531.547 2082.342 19924.880
473.000 1608.197 31036.925 1815.091 526892.878 2088.460 20008.606
474.000 1602.437 31263.296 1769.263 524320.002 2080.702 19899.309
475.000 1603.524 31472.340 1806.307 510971.066 2090.122 19964.706
476.000 1576.636 31269.556 1748.492 513905.749 2085.593 19843.044
477.000 1585.266 30946.801 1790.848 511214.342 2088.902 19944.310
478.000 1589.541 31148.683 1749.236 522979.275 2080.880 19937.505
479.000 1578.613 31194.382 1777.554 505319.995 2088.549 19991.237
480.000 1666.166 31315.040 1761.096 520066.271 2081.237 19920.629
481.000 1575.653 31366.382 1769.202 514706.369 2073.643 19932.694
482.000 1561.912 31105.257 1731.647 515200.299 2073.000 19964.149
483.000 1563.618 31068.919 1766.110 519531.547 2080.800 19995.518
484.000 1562.570 31401.354 1721.655 516004.961 2077.473 19853.042
485.000 1557.325 31050.500 1763.465 517185.537 2069.337 20021.291
486.000 1572.680 31145.408 1728.541 515478.552 2082.065 19835.529
487.000 1552.797 31200.047 1750.680 512893.157 2079.688 19930.520
488.000 1610.620 30966.436 1754.751 514459.759 2076.820 19968.976
489.000 1540.915 31091.522 1749.430 502953.018 2075.149 19943.523
490.000 1562.177 31072.627 1707.617 511244.768 2075.837 19946.996
491.000 1529.106 31191.890 1740.919 501602.020 2077.363 19901.476
492.000 1550.252 31342.805 1691.839 512128.694 2081.728 19885.811
493.000 1530.674 31373.026 1745.311 510728.021 2086.515 19944.495
494.000 1544.184 31216.715 1694.647 502452.889 2077.010 19906.872
495.000 1517.461 31060.942 1713.301 512250.855 2081.642 19940.004
496.000 1547.928 31180.568 1744.990 510849.515 2068.407 19949.730
497.000 1511.226 30858.751 1700.663 507319.548 2077.726 19936.302
498.000 1526.230 31194.722 1672.537 511092.675 2076.207 19807.537
499.000 1511.826 31058.022 1704.336 500724.838 2078.812 19873.297
500.000 1501.525 31099.064 1649.309 510454.872 2070.904 19515.925
501.000 1510.230 30852.655 1697.220 500841.618 2080.100 19790.287
502.000 1506.556 31083.421 1649.560 509697.656 2078.590 19925.296
503.000 1495.960 31040.626 1685.203 495182.717 2083.585 19855.703
504.000 1522.860 30840.692 1669.001 488786.536 2078.253 19897.603
505.000 1478.656 30974.923 1662.104 492655.115 2084.283 19952.464
506.000 1493.290 30739.267 1631.907 505052.598 2077.509 19968.001
507.000 1471.706 30964.092 1641.661 505945.022 2088.281 19950.703
508.000 1483.152 30948.697 1597.616 501455.610 2083.431 19943.708
509.000 1457.353 30848.002 1621.409 498805.795 2085.750 19901.660
510.000 1464.621 30736.848 1609.418 493249.187 2085.692 19903.781
511.000 1443.582 30903.825 1609.110 500608.112 2081.254 19899.170
512.000 1448.973 30637.634 1674.768 492796.431 2138.664 19664.161
513.000 1420.326 30699.060 1590.176 501836.455 2092.373 19771.975
514.000 1438.305 30452.662 1573.490 498921.682 2082.043 19798.726
515.000 1420.227 30421.494 1595.302 502688.120 2083.833 20060.332
516.000 1439.839 30731.789 1565.092 498921.682 2085.347 19866.908
517.000 1426.237 30798.010 1592.839 501221.531 2092.392 19876.746
518.000 1449.421 30773.847 1574.600 501602.020 2083.607 19859.559
519.000 1431.494 30549.376 1593.334 500841.618 2081.733 19932.648
520.000 1480.906 30682.611 1603.927 494925.939 2092.563 19943.523
521.000 1437.923 30605.104 1595.590 496843.923 2082.100 19739.398
522.000 1436.297 30627.038 1573.620 494811.900 2089.137 19829.577
523.000 1437.763 30851.769 1607.525 500112.633 2094.819 19711.269
524.000 1416.996 30590.826 1558.628 494697.915 2096.342 19868.792
525.000 1425.486 30464.434 1509.363 492203.449 2084.697 19938.292
526.000 1361.187 30590.826 1471.884 490181.157 2087.408 19831.133
527.000 1392.563 30558.505 1481.639 482336.717 2082.363 19950.934
528.000 1355.204 30506.629 1495.032 475396.236 2082.098 19901.660
529.000 1378.577 30461.301 1428.164 481201.871 2078.285 20035.767
530.000 1319.017 30502.513 1406.324 487151.057 2078.270 19789.330
531.000 1366.023 30201.584 1457.330 486351.183 2086.576 19963.964
532.000 1308.375 30355.593 1414.231 476953.614 2080.776 19884.660
533.000 1358.676 30463.029 1466.396 477510.400 2080.990 19769.654
534.000 1306.177 30445.322 1411.666 482445.077 2082.149 19776.755
535.000 1351.443 30706.961 1446.316 487870.426 2085.597 19864.427
536.000 1332.500 30299.379 1422.591 482336.717 2079.108 19903.412
537.000 1345.632 30562.201 1457.255 477829.148 2083.734 19937.922
538.000 1286.473 30165.630 1430.266 484376.598 2087.091 19845.153
539.000 1342.549 30205.089 1457.631 482661.943 2080.299 19634.002
540.000 1261.315 30343.905 1437.281 469292.755 2082.261 19843.456
541.000 1338.016 30138.429 1502.789 480287.089 2079.042 19949.359
542.000 1320.649 30325.479 1462.032 480287.089 2083.579 19877.114
543.000 1354.739 30919.287 1475.253 483476.929 2078.230 19873.665
544.000 1324.908 30238.157 1523.511 477404.246 2077.785 19873.435
545.000 1340.995 30393.830 1451.738 483014.766 2080.582 19818.093
546.000 1315.984 30776.713 1444.898 477510.400 2086.870 19899.539
547.000 1342.936 30862.410 1431.145 482445.077 2085.043 19844.602
548.000 1305.607 30663.335 1439.263 477616.602 2082.033 19884.844
549.000 1338.781 30624.745 1410.348 477377.714 2089.726 19888.113
550.000 1308.400 30446.294 1433.610 475080.725 2081.990 19917.488
551.000 1338.419 30854.983 1406.243 479295.536 2079.376 19830.355
552.000 1326.722 30300.341 1438.603 474739.394 2077.680 19899.724
553.000 1321.156 30724.864 1391.689 475501.500 2079.226 19848.821
554.000 1288.480 30929.084 1405.323 475501.500 2073.063 19859.421
555.000 1315.777 30400.607 1385.729 471559.870 2077.865 19924.279
556.000 1266.451 30595.076 1356.446 474503.375 2070.617 19842.448
557.000 1308.796 30507.062 1372.635 475054.451 2079.239 19786.686
558.000 1285.907 30703.668 1382.048 474189.047 2080.214 19871.918
559.000 1305.161 30611.103 1379.962 471223.577 2081.320 19873.435
560.000 1288.301 30560.788 1402.020 473744.462 2080.715 19821.752
561.000 1294.789 30369.008 1401.199 474844.367 2079.186 19755.378
562.000 1227.770 30407.386 1354.929 469523.618 2078.772 19841.898
563.000 1293.544 30463.894 1423.629 468448.197 2081.775 19875.964
564.000 1283.448 30685.790 1345.448 469960.313 2073.074 19820.014
565.000 1298.344 30450.287 1425.942 469190.222 2078.135 19897.788
566.000 1243.205 30532.545 1346.130 467148.934 2076.685 19916.334
567.000 1272.357 30476.648 1400.303 465452.972 2079.140 19801.784
568.000 1251.372 30518.009 1346.106 466286.755 2081.265 19731.010
569.000 1268.860 30532.111 1414.591 464823.300 2081.762 19925.065
570.000 1238.136 30726.732 1339.280 466616.035 2075.063 19986.353
571.000 1264.887 30328.584 1404.818 464295.692 2077.564 19815.762
572.000 1218.278 30569.924 1324.808 467148.934 2075.660 19791.838
573.000 1262.995 30409.647 1387.947 464195.331 2077.787 19719.776
574.000 1213.053 30303.013 1325.689 462495.805 2079.154 19749.836
575.000 1256.595 30280.261 1386.402 463244.059 2080.419 19834.201
576.000 1216.684 30199.354 1360.208 460216.158 2121.167 19700.284
577.000 1223.285 30408.355 1326.257 463769.279 2087.802 19828.066
578.000 1220.592 30583.093 1310.113 462919.519 2085.791 19849.968
579.000 1256.695 30378.996 1366.611 462197.180 2091.903 19902.997
580.000 1201.759 30435.937 1288.355 458692.508 2088.658 19848.271
581.000 1252.255 30333.189 1349.461 460117.553 2088.015 19708.601
582.000 1212.275 30299.807 1287.933 462819.752 2091.736 19857.264
583.000 1240.919 30481.190 1354.482 461774.787 2090.090 20022.691
584.000 1197.451 30160.228 1305.512 453007.836 2087.808 19765.515
585.000 1229.966 30411.046 1327.340 457446.724 2090.112 19902.259
586.000 1194.926 30407.924 1292.847 455917.127 2082.939 19849.371
587.000 1213.981 30248.379 1321.793 459305.667 2085.281 19895.852
588.000 1174.983 30200.204 1263.545 460216.158 2091.909 19872.332
589.000 1222.985 30162.029 1310.430 457861.233 2088.477 19803.108
590.000 1173.125 29674.287 1270.445 417311.241 2081.830 19417.108
591.000 1214.212 30199.354 1317.576 455820.355 2085.754 19760.877
592.000 1182.555 30108.850 1295.371 453917.491 2088.679 19705.572
593.000 1215.583 30165.100 1298.327 455409.532 2081.212 19947.367
594.000 1166.109 29914.451 1263.909 414252.247 2078.356 19677.945
595.000 1217.428 30197.125 1313.400 450702.271 2084.763 19678.486
596.000 1156.439 30025.078 1276.977 416906.163 2071.566 19729.106
597.000 1214.813 29998.549 1298.359 453510.089 2081.779 19729.469
598.000 1160.721 29929.251 1268.528 449899.680 2083.579 19821.112
599.000 1208.612 30214.545 1279.667 450111.852 2084.801 19759.377
600.000 1162.021 29935.301 1303.053 414252.247 2077.997 19399.392
601.000 1196.496 30103.469 1281.296 452292.259 2080.916 19781.719
602.000 1150.350 29981.901 1269.909 448701.138 2081.283 19422.289
603.000 1206.863 30248.059 1298.379 451697.670 2084.606 19788.783
604.000 1142.472 30162.982 1256.448 412066.324 2077.121 19372.704
605.000 1190.993 30089.761 1278.592 450111.852 2091.258 19789.558
606.000 1131.572 30065.433 1252.746 409590.625 2081.373 19360.915
607.000 1181.113 29988.495 1264.338 448045.827 2084.623 19927.792
608.000 1138.732 30196.700 1296.019 407646.858 2085.412 19446.560
609.000 1177.114 30103.891 1252.190 449217.372 2085.692 19832.278
610.000 1133.288 29820.156 1245.453 410765.809 2078.787 19529.680
611.000 1173.057 29975.624 1266.303 410765.809 2078.424 19687.055
612.000 1116.066 30138.852 1232.513 407492.153 2082.355 19439.255
613.000 1177.127 29616.379 1262.404 439765.248 2080.753 19740.714
614.000 1113.451 29755.286 1226.832 361711.916 2078.162 19537.143
615.000 1152.954 29544.057 1239.896 425075.940 2076.455 19582.662
616.000 1136.043 29628.024 1258.353 349981.038 2065.740 19291.605
617.000 1155.140 29545.073 1209.578 360437.000 2072.506 19616.112
618.000 1099.744 29614.950 1206.096 356399.245 2075.837 19555.467
619.000 1132.071 29522.734 1213.265 359561.934 2072.170 19628.124
620.000 1094.805 29311.581 1192.198 353117.430 2071.080 19527.460
621.000 1132.271 29308.380 1195.502 361225.172 2082.388 19712.807
622.000 1099.201 29581.702 1200.182 358541.389 2076.246 19630.457
623.000 1126.721 29557.883 1197.757 359531.835 2070.054 19630.457
624.000 1095.536 29596.379 1222.240 358421.705 2074.297 19643.565
625.000 1117.782 29701.786 1191.364 356547.177 2076.296 19636.739
626.000 1078.254 29268.834 1184.404 357437.358 2071.097 19350.273
627.000 1116.438 29479.572 1191.794 357169.838 2076.115 19451.757
628.000 1074.619 29445.618 1160.245 351384.054 2069.339 19599.909
629.000 1101.093 29268.834 1172.901 357051.068 2076.834 19291.346
630.000 1074.525 29445.618 1161.179 350209.336 2069.778 19414.563
631.000 1088.267 29211.304 1155.383 356665.612 2071.214 19405.002
632.000 1081.040 29519.487 1162.793 351642.975 2067.943 19607.873
633.000 1091.217 29162.116 1158.394 353582.555 2075.291 19605.635
634.000 1061.507 29320.785 1130.916 352972.329 2069.071 19551.995
635.000 1092.683 29260.460 1164.927 352740.415 2072.732 19359.170
636.000 1058.672 29596.991 1132.127 352624.573 2075.559 19533.411
637.000 1093.101 29285.598 1150.192 353844.727 2075.264 19550.571
638.000 1064.222 29407.715 1130.364 355690.873 2068.795 19426.681
639.000 1082.476 29335.004 1176.131 433528.545 2075.017 19383.721
640.000 1075.270 29652.775 1146.630 348787.339 2131.500 19435.560
641.000 1080.772 29402.480 1144.701 353961.373 2088.454 19633.777
642.000 1055.195 29483.822 1120.498 339737.960 2085.005 19576.414
643.000 1084.530 29295.586 1150.998 352856.334 2082.413 19613.424
644.000 1038.112 29329.195 1112.451 354575.027 2073.567 19629.649
645.000 1075.197 29264.646 1145.263 352972.329 2083.676 19268.411
646.000 1038.615 29123.161 1113.343 352248.610 2081.893 19552.797
647.000 1065.288 29426.049 1130.923 352017.646 2082.223 19514.418
648.000 1058.477 29354.452 1123.365 353117.430 2079.973 19477.691
649.000 1066.245 29599.642 1126.166 351902.277 2083.023 19487.236
650.000 1034.095 29479.572 1108.410 351671.767 2076.802 19321.460
651.000 1065.293 29484.429 1141.264 342692.675 2088.543 19473.629
652.000 1023.057 29271.428 1095.595 342720.020 2075.550 19403.862
653.000 1062.442 29484.631 1123.354 350066.615 2075.878 19616.829
654.000 1022.193 29343.422 1108.916 351297.832 2077.188 19525.596
655.000 1059.002 29477.953 1135.071 348674.078 2081.186 19640.242
656.000 1040.658 29422.824 1100.560 348532.605 2084.683 19466.921
657.000 1052.036 29295.586 1117.002 345949.843 2079.851 19571.507
658.000 1020.167 29242.131 1104.901 347011.982 2072.254 19514.418
659.000 1046.448 29548.529 1091.524 346871.854 2081.001 19735.180
660.000 1017.428 29339.212 1095.460 427742.983 2075.939 19615.753
661.000 1043.895 29501.644 1084.299 350323.597 2079.880 19522.224
662.000 1007.262 29341.818 1102.965 345810.571 2072.900 19591.416
663.000 1038.141 29326.591 1093.738 348985.723 2079.289 19476.190
664.000 994.090 29544.870 1076.032 345365.656 2071.436 19544.611
665.000 1006.571 29110.725 1051.530 347714.321 2073.534 19323.720
666.000 979.142 29270.430 1062.210 347939.671 2072.967 19505.113
667.000 1004.699 29046.348 1047.198 343844.952 2079.441 19386.958
668.000 972.913 29288.994 1045.218 342610.665 2074.223 19522.224
669.000 1003.743 29504.886 1039.857 344092.877 2080.007 19492.189
670.000 978.429 29242.928 1056.090 344203.181 2077.610 19595.885
671.000 1001.026 29318.184 1037.533 345587.970 2073.093 19616.470
672.000 1003.699 29318.384 1059.618 343514.940 2066.066 19282.165
673.000 1046.961 29248.703 1090.293 345226.854 2079.221 19513.354
674.000 1013.305 28993.602 1091.138 343844.952 2069.782 19356.552
675.000 1037.410 28999.475 1071.356 340330.214 2076.814 19707.109
676.000 1012.017 28980.690 1079.943 343982.644 2074.009 19284.416
677.000 1037.159 29275.618 1077.417 343624.874 2079.766 19597.316
678.000 980.742 29102.441 1068.958 342583.337 2073.106 19674.520
679.000 1005.320 29070.136 1030.480 342474.069 2071.160 19571.507
680.000 984.389 29216.272 1075.624 342474.069 2068.173 19538.654
681.000 1005.106 29013.580 1011.693 339281.720 2075.622 19508.479
682.000 976.351 29128.889 1055.245 341765.520 2068.353 19547.902
683.000 1003.433 28888.101 1035.474 338639.698 2068.620 19653.363
684.000 965.740 28810.975 1048.853 342364.870 2072.665 19456.956
685.000 1006.848 29042.223 1041.035 341222.475 2074.873 19594.633
686.000 975.536 29205.544 1048.069 340654.132 2067.697 19506.619
687.000 1008.548 29077.615 1027.671 337283.438 2066.403 19456.250
688.000 951.852 28924.092 1029.052 335308.556 2075.291 19593.561
689.000 975.471 28919.223 1003.822 338960.405 2069.377 19190.410
690.000 927.086 29158.948 1016.198 339953.087 2073.924 19485.910
691.000 975.015 29312.381 987.189 337177.524 2076.275 19589.092
692.000 937.810 28836.896 1007.875 334759.727 2070.319 19615.753
693.000 969.534 28881.690 1012.887 337177.524 2075.139 19527.105
694.000 938.968 28787.609 1012.605 338053.309 2072.187 19598.836
695.000 964.968 28781.821 995.277 414732.261 2070.352 19590.165
696.000 948.282 29096.723 1029.275 335413.299 2065.386 19406.756
697.000 963.606 28967.399 1000.823 339415.781 2075.858 19541.232
698.000 932.854 28980.690 996.376 335203.879 2067.998 19441.103
699.000 961.355 29045.562 992.285 329267.655 2072.241 19575.968
700.000 922.852 29004.371 994.521 336517.065 2070.100 19524.087
701.000 958.226 29130.667 1009.879 337628.119 2069.824 19530.480
702.000 926.920 29006.918 991.810 336279.932 2068.716 19509.277
703.000 958.346 28871.012 992.286 330661.891 2074.042 19563.306
704.000 933.343 28939.683 994.505 335203.879 2108.958 19511.493
705.000 955.152 28959.196 990.546 334186.687 2079.234 19589.897
706.000 920.771 28865.385 983.897 335073.123 2074.243 19550.571
707.000 949.588 28935.394 989.016 337177.524 2078.403 19566.603
708.000 914.344 28874.312 959.953 333098.131 2077.863 19468.421
709.000 936.567 28749.455 985.532 331401.798 2074.860 19479.900
710.000 910.531 28822.382 975.564 332582.259 2078.348 19418.250
711.000 930.796 28782.593 994.789 327036.267 2078.394 19599.551
712.000 919.428 28799.577 987.328 326216.565 2081.398 19471.775
713.000 933.268 28776.807 992.422 330865.673 2079.559 19521.070
714.000 910.480 28691.646 970.803 330229.686 2078.491 19355.767
715.000 930.691 28843.480 971.456 333020.648 2079.559 19428.175
716.000 910.656 28766.400 960.705 330204.297 2073.743 19589.092
717.000 922.354 28680.151 968.809 323733.119 2077.307 19579.002
718.000 902.848 28827.219 956.816 328210.859 2078.943 19516.990
719.000 925.382 28643.236 963.397 328311.214 2078.593 19524.442
720.000 905.417 28567.410 984.966 330204.297 2079.622 19584.537
721.000 971.801 29234.568 1004.798 391305.329 2101.172 19521.514
722.000 931.724 28994.581 1006.590 389213.167 2102.203 19728.744
723.000 963.463 29162.116 986.681 389495.538 2107.040 19634.136
724.000 938.707 29136.398 992.673 387597.446 2103.442 19677.494
725.000 954.406 28979.713 1000.143 388333.390 2102.514 19819.237
726.000 926.223 29041.438 993.398 385129.779 2102.998 19748.883
727.000 953.512 28975.607 998.915 388052.701 2107.924 19556.892
728.000 921.959 28823.930 1038.694 385683.126 2108.393 19518.497
729.000 963.503 29325.991 1000.773 388333.390 2103.053 19838.828
730.000 924.255 29258.068 1015.852 387457.582 2100.401 19829.210
731.000 955.472 29242.928 994.411 387457.582 2100.237 19839.927
732.000 910.251 28991.254 1008.895 397387.796 2108.159 19700.239
733.000 953.673 29196.213 996.637 386272.803 2104.718 19792.750
734.000 913.048 29209.715 1002.450 385717.763 2104.217 19506.176
735.000 942.846 28862.088 984.192 383821.921 2095.621 19787.825
736.000 900.501 29080.962 1020.221 385371.673 2097.294 19603.309
737.000 941.346 29067.775 980.387 384957.183 2092.888 19815.396
738.000 893.261 28937.928 991.479 383102.961 2097.677 19828.753
739.000 935.650 29182.128 978.133 384957.183 2099.393 19806.167
740.000 895.150 29123.359 985.582 382216.543 2098.003 19718.871
741.000 927.385 29114.869 969.401 384681.352 2098.481 19537.854
742.000 891.349 29108.950 961.355 381673.091 2106.085 19612.708
743.000 907.387 29214.484 950.682 384681.352 2094.463 19758.786
744.000 891.556 29034.959 975.352 382080.535 2096.574 19792.841
745.000 908.241 29092.584 949.407 386550.922 2091.815 19731.372
746.000 876.876 29133.236 968.759 382522.916 2093.269 19783.542
747.000 916.140 28974.043 941.118 379816.705 2099.075 19750.063
748.000 877.315 28944.559 961.904 378978.849 2093.932 19933.758
749.000 913.331 29011.816 929.862 381063.552 2100.125 19431.515
750.000 864.454 29038.100 959.957 380220.193 2092.516 19720.772
751.000 909.695 29173.010 935.186 379682.399 2099.660 19460.658
752.000 870.400 29116.448 973.096 378711.515 2095.741 19823.810
753.000 906.137 29059.515 940.020 380085.601 2105.566 19479.193
754.000 864.091 28997.909 955.645 378978.849 2090.751 19783.633
755.000 906.525 29078.599 931.474 380793.270 2099.044 19741.712
756.000 871.371 28836.896 942.169 379246.560 2097.329 19732.551
757.000 898.875 28959.196 918.594 381673.091 2094.227 19745.433
758.000 861.830 29162.116 939.826 379951.105 2089.033 19719.595
759.000 892.342 28992.820 931.393 378277.902 2092.409 19527.460
760.000 868.807 29032.996 955.024 379414.072 2091.820 19647.339
761.000 888.442 28792.433 922.725 380523.372 2097.153 19670.375
762.000 868.396 29129.087 935.540 379816.705 2100.621 19545.322
763.000 883.341 28874.312 919.876 377049.188 2102.117 19827.746
764.000 864.259 29082.734 927.973 378845.135 2090.342 19508.479
765.000 885.486 29167.265 911.846 379548.188 2089.101 19830.401
766.000 862.827 28969.939 937.576 379548.188 2095.844 19705.572
767.000 878.490 29011.032 905.495 386690.132 2097.750 19493.958
768.000 857.462 28838.445 931.426 375795.546 2154.261 19452.814
769.000 869.881 29043.009 904.977 376487.316 2101.508 19773.341
770.000 862.395 28922.533 923.195 376718.472 2104.783 19802.697
771.000 868.053 28968.962 896.215 378711.515 2110.710 19709.008
772.000 851.263 28875.089 916.500 376190.531 2094.815 19841.852
773.000 868.489 28878.389 892.730 378411.216 2101.633 19691.929
774.000 854.202 28898.792 908.575 377579.543 2098.851 19797.768
775.000 860.710 28826.251 916.631 371408.448 2102.945 19706.295
776.000 854.871 28891.404 927.009 375762.668 2106.632 19598.478
777.000 867.644 28914.356 923.052 375664.069 2100.996 19651.474
778.000 851.577 28795.522 917.130 375762.668 2102.329 19764.514
779.000 865.813 28848.324 921.786 374680.912 2108.858 19781.719
780.000 860.325 28621.667 919.739 373313.107 2099.006 19876.102
781.000 882.188 28885.770 931.830 373313.107 2106.030 19615.037
782.000 849.725 28869.460 921.458 373313.107 2103.528 19656.421
783.000 867.320 28738.105 917.530 374680.912 2103.045 19695.361
784.000 839.330 28693.946 923.941 373021.304 2090.580 19713.079
785.000 863.025 28735.798 914.585 371955.252 2102.886 19444.447
786.000 849.874 28636.934 941.578 373053.704 2101.004 19768.699
787.000 860.812 28591.372 908.618 373865.538 2104.523 19405.703
788.000 848.809 28667.325 926.968 373572.871 2087.028 19362.399
789.000 863.376 28879.166 910.886 369936.890 2098.210 19626.241
790.000 842.796 28823.156 944.942 370191.975 2094.180 19727.204
791.000 866.763 28577.104 897.891 372794.662 2101.548 19478.751
792.000 845.578 28676.130 883.369 369809.480 2095.060 19481.049
793.000 858.424 28547.473 884.778 366371.005 2105.198 19535.277
794.000 804.649 28360.102 888.502 367562.456 2094.241 19664.341
795.000 853.633 28720.425 890.453 371794.260 2098.021 19658.670
796.000 793.681 28611.371 875.195 367971.838 2104.476 19525.951
797.000 852.362 28729.455 879.575 367940.315 2094.301 19801.601
798.000 789.914 28540.264 883.054 368192.653 2098.056 19711.631
799.000 845.674 28486.505 885.746 370064.389 2096.994 19790.105
800.000 806.629 28620.141 868.967 365871.650 2106.082 19381.097
801.000 840.480 28738.105 879.215 365715.880 2102.752 19639.074
802.000 793.468 28589.849 853.501 365996.361 2098.963 19470.981
803.000 837.024 28513.359 877.616 369427.774 2101.448 19840.019
804.000 788.554 28604.320 853.350 364660.154 2101.448 19460.306
805.000 840.457 28432.571 875.478 364536.352 2108.945 19605.993
806.000 775.395 28545.196 862.318 369427.774 2101.362 19659.840
807.000 842.421 28671.535 875.273 363887.765 2104.346 19428.527
808.000 768.520 28648.203 865.031 366903.066 2101.456 19388.446
809.000 850.133 28561.901 879.473 367028.482 2098.691 19709.731
810.000 784.809 28693.180 868.418 371280.022 2092.721 19683.987
811.000 840.269 28454.045 863.667 359531.835 2099.509 19407.194
812.000 764.390 28649.732 855.236 364134.574 2102.372 19666.952
813.000 841.061 28691.646 859.629 364784.041 2098.263 19458.454
814.000 771.918 28606.607 827.337 362475.086 2089.221 19700.600
815.000 831.338 28592.895 862.205 365063.094 2101.531 19759.150
816.000 770.279 28540.454 824.146 361711.916 2092.033 19763.787
817.000 824.778 28525.290 806.193 363887.765 2090.193 19723.852
818.000 763.123 28602.606 828.190 360558.034 2089.020 19697.980
819.000 824.203 28537.989 821.894 361711.916 2104.083 19724.486
820.000 754.520 28734.260 834.814 350437.932 2092.610 19687.326
821.000 820.589 28535.524 819.064 364041.981 2092.653 19740.532
822.000 759.086 28435.771 824.572 360558.034 2099.187 19662.090
823.000 817.120 28480.082 814.339 362108.363 2094.198 19408.685
824.000 761.426 28326.434 838.629 359682.380 2094.721 19563.573
825.000 813.214 28604.892 795.459 360316.048 2093.971 19851.115
826.000 750.860 28455.553 829.520 358661.152 2091.961 19644.733
827.000 815.012 28418.461 803.892 360679.148 2093.624 19685.431
828.000 730.419 28523.774 818.108 360951.954 2091.209 19696.445
829.000 804.892 28276.455 795.662 362475.086 2090.910 19748.520
830.000 731.571 28373.404 827.446 355808.740 2094.956 19698.703
831.000 796.402 28398.543 796.936 358421.705 2085.697 19733.276
832.000 764.682 28417.521 812.881 358033.286 2135.923 19740.169
833.000 790.300 28693.180 759.876 357051.068 2098.138 19748.974
834.000 746.237 28459.324 815.782 357675.491 2095.681 19625.165
835.000 787.899 28298.253 756.615 363364.407 2106.563 19663.890
836.000 737.691 28341.201 788.818 360316.048 2101.289 19707.832
837.000 778.785 28533.249 787.772 357556.385 2100.310 19697.619
838.000 740.801 28200.890 787.848 356813.766 2097.454 19643.206
839.000 776.954 28180.536 771.340 356784.125 2097.437 19289.786
840.000 746.283 28217.194 796.127 354457.976 2097.101 19646.620
841.000 786.136 28197.002 768.031 357794.676 2101.254 19365.629
842.000 743.304 28245.214 797.356 357526.621 2100.871 19694.909
843.000 782.705 28221.829 764.183 358421.705 2107.486 19636.021
844.000 740.391 28098.678 791.941 354545.757 2096.891 19696.083
845.000 774.514 28288.933 787.190 354692.154 2096.590 19586.859
846.000 727.383 28080.858 776.929 353611.666 2099.002 19381.446
847.000 762.355 28484.616 786.700 355073.354 2098.003 19731.463
848.000 740.000 28172.772 761.501 351873.447 2095.711 19670.735
849.000 758.998 28371.905 788.394 355308.347 2104.900 19709.008
850.000 732.675 28018.757 785.141 351902.277 2095.231 19751.971
851.000 758.074 28310.004 776.934 355926.684 2095.192 19728.019
852.000 720.500 28352.988 796.689 351642.975 2092.739 19734.002
853.000 750.705 28168.892 777.680 352364.205 2096.175 19756.877
854.000 718.563 28187.564 779.048 352856.334 2096.041 19639.433
855.000 743.786 27979.696 768.997 355543.650 2096.677 19691.929
856.000 714.841 28229.620 780.647 353233.596 2099.979 19662.000
857.000 741.715 28254.505 761.952 350437.932 2099.918 19420.796
858.000 713.836 28092.430 776.325 351384.054 2099.716 19684.709
859.000 738.090 28086.367 777.505 353466.159 2103.232 19742.438
860.000 706.554 28097.024 782.287 350437.932 2093.542 19694.999
861.000 736.738 28283.345 752.333 353233.596 2100.900 19843.869
862.000 712.485 28176.099 775.856 350924.691 2100.087 19424.485
863.000 731.119 28220.160 759.233 352248.610 2098.034 19661.640
864.000 714.230 27917.134 774.623 351154.223 2087.972 19759.968
865.000 717.708 28176.838 744.672 350552.342 2106.861 19707.832
866.000 696.471 28037.048 764.856 349496.891 2094.738 19740.078
867.000 713.855 28249.859 758.109 351384.054 2102.229 19777.074
868.000 699.567 27866.236 752.016 347601.756 2100.759 19623.551
869.000 710.412 27611.490 743.168 344424.001 2068.206 19357.250
870.000 685.421 27707.858 749.747 342364.870 2067.372 19382.146
871.000 709.858 27696.601 735.118 342474.069 2066.862 19409.387
872.000 686.911 27849.432 756.516 335308.556 2064.038 19464.715
873.000 707.470 27586.838 728.603 340870.420 2071.793 19315.985
874.000 688.223 27823.092 748.254 333874.945 2057.353 19377.774
875.000 701.695 27637.609 723.478 338746.533 2065.869 19405.703
876.000 673.905 27486.383 716.497 333537.881 2066.065 19388.096
877.000 702.678 27576.565 721.190 343377.622 2065.353 19228.298
878.000 674.094 27540.139 706.749 351527.852 2070.938 19316.072
879.000 699.514 27612.378 724.761 339388.961 2070.092 19406.493
880.000 681.930 27652.556 710.132 339845.489 2066.958 19393.611
881.000 693.131 27446.511 719.153 337628.119 2065.745 19431.515
882.000 661.981 27573.733 700.737 339201.334 2068.057 19471.687
883.000 687.935 27535.901 711.697 338506.250 2074.285 19054.699
884.000 671.034 27724.491 700.001 347826.960 2072.007 19403.161
885.000 692.308 27903.350 707.866 347461.152 2101.712 19693.825
886.000 669.592 27888.311 708.540 344424.001 2090.078 19650.036
887.000 689.606 27752.079 707.321 343295.284 2097.535 19657.141
888.000 671.206 27991.914 710.237 344092.877 2098.924 19699.516
889.000 684.787 27880.527 708.819 343487.468 2097.011 19629.291
890.000 664.534 27816.245 695.132 343377.622 2091.323 19688.950
891.000 678.944 27775.590 704.147 345226.854 2096.384 19616.918
892.000 660.801 27922.397 692.361 342583.337 2089.028 19696.896
893.000 673.897 27970.585 704.371 346061.340 2093.608 19661.280
894.000 654.346 28005.786 689.846 343982.644 2088.112 19643.206
895.000 673.209 27659.857 703.753 345365.656 2098.571 19699.516
896.000 662.068 27841.308 685.917 343405.077 2144.130 19674.159
897.000 670.729 27728.966 698.887 342474.069 2104.662 19459.600
898.000 655.129 27871.481 691.022 345115.894 2096.672 19717.694
899.000 660.722 27915.682 692.280 346061.340 2110.122 19694.999
900.000 662.059 27941.653 684.736 345143.627 2106.042 19422.289
901.000 664.604 27898.818 693.577 344203.181 2108.267 19652.643
902.000 658.434 27812.462 680.636 341683.954 2093.295 19571.864
903.000 662.286 28077.738 688.675 344645.105 2102.492 19584.626
904.000 665.265 27519.493 684.540 342010.455 2104.844 19607.515
905.000 654.577 27726.639 677.900 342146.682 2096.913 19678.306
906.000 658.406 27851.058 677.295 342692.675 2103.235 19377.424
907.000 654.197 27700.352 667.575 343624.874 2099.066 19747.793
908.000 648.484 27547.381 674.789 344313.556 2096.538 19111.678
909.000 659.656 27686.067 686.213 341792.718 2103.494 19688.860
910.000 661.770 27601.908 674.648 342364.870 2094.974 19442.247
911.000 658.377 27877.631 690.740 342692.675 2101.320 19767.607
912.000 660.990 27686.960 681.366 340411.135 2097.715 19353.935
913.000 654.588 27764.996 688.334 341330.946 2099.794 19480.695
914.000 642.559 27696.958 672.067 343652.368 2080.802 19163.866
915.000 647.569 27611.490 679.308 342364.870 2099.901 19667.402
916.000 642.801 27639.743 672.254 338399.566 2096.874 19539.454
917.000 643.095 27705.534 680.422 343872.482 2089.531 18967.185
918.000 627.416 27624.987 663.841 341575.258 2094.009 19123.080
919.000 636.430 27683.390 676.467 343158.141 2086.305 19093.156
920.000 620.563 27484.800 667.515 338399.566 2090.347 19622.116
921.000 627.561 27617.527 671.907 337495.466 2101.923 19691.207
922.000 616.513 27535.725 656.912 337920.322 2087.232 19108.787
923.000 627.023 27555.158 669.508 342228.470 2098.911 18965.175
924.000 613.404 27822.912 651.878 339737.960 2082.487 19094.514
925.000 612.156 27500.463 652.120 340168.485 2092.281 19086.029
926.000 611.830 27473.724 652.854 337707.760 2087.063 18983.952
927.000 628.026 27429.508 658.623 338399.566 2084.138 19167.287
928.000 619.878 27473.724 676.418 339523.106 2089.805 19120.015
929.000 626.583 27445.634 659.149 339523.106 2081.359 19164.550
930.000 617.047 27494.477 649.288 336807.348 2083.774 18953.123
931.000 619.429 27471.967 654.038 339040.677 2086.534 19071.621
932.000 610.944 27546.321 646.045 336174.647 2079.805 19002.430
933.000 616.483 27590.560 650.414 339094.213 2078.740 19200.362
934.000 607.619 27419.352 647.610 339523.106 2097.150 19147.975
935.000 619.032 27391.373 649.737 337760.876 2085.948 19155.148
936.000 605.773 27434.064 646.204 337495.466 2086.092 19039.157
937.000 616.230 27513.499 649.975 338186.401 2077.551 19100.289
938.000 602.398 27656.295 633.790 338613.000 2086.755 19108.787
939.000 611.520 27433.713 644.910 336648.949 2081.756 19003.776
940.000 591.410 27365.195 636.154 337071.676 2076.061 19115.931
941.000 608.905 27414.802 618.747 336596.183 2075.926 19108.106
942.000 598.247 27296.670 627.686 337920.322 2089.148 19176.187
943.000 609.281 27450.195 625.657 339040.677 2092.452 19102.327
944.000 598.277 27404.656 634.937 335544.320 2081.208 19001.590
945.000 605.631 27166.144 623.518 335544.320 2078.714 19067.557
946.000 590.655 27583.472 629.467 335282.381 2089.362 18956.637
947.000 582.673 27461.779 621.412 335334.736 2093.060 19032.745
948.000 587.881 27322.718 617.439 335073.123 2085.015 19050.304
949.000 608.970 27456.161 621.001 333304.928 2088.098 19120.186
950.000 595.017 27338.718 633.048 333563.785 2092.640 18988.149
951.000 602.180 27315.419 618.517 337071.676 2085.693 18851.135
952.000 593.631 27453.002 629.925 334864.127 2070.091 19033.420
953.000 590.979 27251.639 616.153 333978.794 2076.565 19085.181
954.000 586.599 27360.662 619.521 329874.600 2083.936 19134.496
955.000 594.216 27476.536 616.872 332891.590 2087.274 19005.121
956.000 579.330 27386.832 616.073 331197.355 2066.675 19010.841
957.000 589.751 27168.893 605.476 333304.928 2091.588 19062.649
958.000 581.915 27140.051 614.673 333771.161 2078.259 18932.070
959.000 583.787 27297.711 604.751 335334.736 2073.503 19005.794
960.000 577.522 27160.303 623.405 331606.493 2121.875 18816.613
961.000 587.049 27498.702 603.186 328813.910 2093.093 19131.598
962.000 575.141 27395.566 606.821 331401.798 2089.541 18969.866
963.000 588.677 27079.817 605.967 330942.156 2100.771 19002.262
964.000 574.343 27263.056 595.559 331146.283 2094.223 19046.249
965.000 585.525 27121.541 599.751 331401.798 2085.089 19111.507
966.000 576.155 27251.293 598.488 332273.503 2095.578 19063.833
967.000 581.453 27464.589 597.505 330534.654 2086.313 19110.147
968.000 578.432 27264.440 595.654 330738.279 2098.671 19037.807
969.000 576.520 27117.432 596.220 329469.722 2094.524 19100.119
970.000 572.190 27315.419 599.976 326762.576 2096.161 19024.989
971.000 566.991 27048.438 598.001 329672.037 2094.078 18941.923
972.000 568.049 27164.769 587.678 328813.910 2088.705 18981.267
973.000 563.711 27216.410 590.650 326762.576 2103.186 18985.463
974.000 560.982 27287.652 594.671 328612.647 2090.505 19169.682
975.000 563.246 27232.632 592.077 329874.600 2097.097 19138.077
976.000 565.741 26809.029 591.214 330128.155 2092.118 19016.397
977.000 561.665 27273.443 587.064 326563.815 2087.282 19166.089
978.000 557.870 27051.504 591.455 327810.052 2098.902 19116.611
979.000 557.432 26953.042 588.739 326911.805 2094.765 19068.912
980.000 557.810 27124.282 576.104 325524.276 2088.714 19188.867
981.000 558.553 27012.713 579.988 325919.509 2094.105 19015.723
982.000 551.040 27002.862 588.703 325672.376 2090.487 19039.832
983.000 553.685 27038.221 590.567 326117.486 2096.513 19083.146
984.000 563.988 27065.483 585.704 326961.579 2084.199 19137.225
985.000 559.940 26858.318 583.143 323855.172 2098.215 19099.439
986.000 548.076 27090.065 583.671 326117.486 2092.205 19026.337
987.000 553.132 27001.165 579.261 322203.098 2098.300 19115.931
988.000 547.981 27042.647 565.785 324442.310 2094.971 19038.482
989.000 549.885 27134.564 573.515 324246.361 2085.081 19118.654
990.000 547.182 27137.650 565.626 322832.779 2093.366 19132.280
991.000 551.481 27157.555 572.100 323027.023 2088.586 18968.525
992.000 548.833 26818.738 585.699 320807.238 2076.195 19039.157
993.000 532.022 27049.800 551.747 321816.821 2094.902 19032.070
994.000 544.402 26940.194 567.392 320567.793 2093.403 19145.243
995.000 547.667 26971.322 566.628 323659.932 2090.358 19024.989
996.000 549.943 27134.564 569.249 323416.212 2089.437 19063.157
997.000 541.294 27075.720 558.853 319994.583 2083.427 19101.648
998.000 535.386 27122.912 561.236 321431.470 2096.589 19061.126
999.000 537.706 27052.526 561.477 321624.030 2101.548 18984.791
